1754.0 3.3e-17   
1770.0 3.3e-17  
1786.0 3.3e-17  
1802.0 3.3e-17  
1818.0 3.3e-17  
1835.0 3.3e-17  
1852.0 3.3e-17  
1869.0 3.3e-17  
1887.0 3.3e-17  
1905.0 3.3e-17  
1923.0 3.3e-17  
1942.0 3.3e-17  
1961.0 3.3e-17  
1980.0 3.3e-17  
2000.0 3.3e-17  
2020.0 3.3e-17  
2041.0 3.3e-17  
2062.0 3.3e-17  
2083.0 3.3e-17  
2105.0 3.3e-17  
2128.0 3.3e-17  
2151.0 3.3e-17  
2174.0 3.3e-17  
2200.0 3.3e-17  
2222.0 3.2e-17  
2247.0 3.0e-17  
2273.0 2.8e-17  
2299.0 2.5e-17  
2326.0 2.2e-17  
2353.0 1.9e-17  
2381.0 1.7e-17  
2410.0 1.6e-17  
2439.0 1.5e-17  
2469.0 1.4e-17  
2500.0 1.4e-17  
2532.0 1.5e-17  
2564.0 1.6e-17  
2597.0 1.6e-17  
2632.0 1.6e-17  
2667.0 1.5e-17  
2703.0 1.5e-17  
2740.0 1.5e-17  
2778.0 1.4e-17  
2817.0 1.3e-17  
2857.0 1.2e-17  
2899.0 1.1e-17  
2941.0 .90e-17  
2985.0 .75e-17  
3030.0 .64e-17  
3077.0 .49e-17  
3125.0 .38e-17  
3175.0 .29e-17  
3225.0 .22e-17  
3275.0 .17e-17  
3325.0 .14e-17  
3375.0 .11e-17  
3425.0 .007e-17 
3450.0 .0045e-17
3550.0 0.0  
3650.0 0.0  
3750.0 0.0  
3850.0 0.0  
3950.0 0.0  
4050.0 0.0  
4150.0 0.0  
4250.0 0.0  
4350.0 0.0  
4450.0 0.0
