140.00	6.62e-18
140.02	6.26e-18
140.04	6.70e-18
140.06	6.40e-18
140.08	5.99e-18
140.10	4.14e-18
140.12	5.29e-18
140.14	4.60e-18
140.16	4.63e-18
140.18	3.99e-18
140.20	3.38e-18
140.22	5.63e-18
140.24	4.90e-18
140.26	4.72e-18
140.28	4.89e-18
140.30	4.63e-18
140.32	4.13e-18
140.34	3.87e-18
140.36	3.87e-18
140.38	3.79e-18
140.40	3.55e-18
140.42	3.31e-18
140.44	2.96e-18
140.46	2.91e-18
140.48	2.97e-18
140.50	3.12e-18
140.52	2.56e-18
140.54	2.54e-18
140.56	2.49e-18
140.58	2.57e-18
140.60	2.45e-18
140.62	2.26e-18
140.64	2.22e-18
140.66	2.05e-18
140.68	1.98e-18
140.70	2.14e-18
140.72	2.22e-18
140.74	2.22e-18
140.76	2.64e-18
140.78	2.78e-18
140.80	3.06e-18
140.82	3.26e-18
140.84	3.53e-18
140.86	3.31e-18
140.88	3.53e-18
140.90	3.80e-18
140.92	3.99e-18
140.94	4.75e-18
140.96	4.73e-18
140.98	4.76e-18
141.00	5.14e-18
141.02	5.58e-18
141.04	5.59e-18
141.06	5.14e-18
141.08	4.64e-18
141.10	4.32e-18
141.12	3.96e-18
141.14	3.63e-18
141.16	3.31e-18
141.18	3.01e-18
141.20	2.96e-18
141.22	2.74e-18
141.24	2.76e-18
141.26	2.29e-18
141.28	2.27e-18
141.30	2.19e-18
141.32	2.16e-18
141.34	2.19e-18
141.36	1.95e-18
141.38	2.05e-18
141.40	2.12e-18
141.42	2.46e-18
141.44	3.33e-18
141.46	4.95e-18
141.48	7.09e-18
141.50	1.04e-17
141.52	1.46e-17
141.54	1.65e-17
141.56	1.72e-17
141.58	1.56e-17
141.60	1.23e-17
141.62	9.96e-18
141.64	8.63e-18
141.66	7.15e-18
141.68	5.65e-18
141.70	4.81e-18
141.72	4.46e-18
141.74	3.94e-18
141.76	3.52e-18
141.78	3.23e-18
141.80	3.35e-18
141.82	3.76e-18
141.84	4.03e-18
141.86	4.27e-18
141.88	4.16e-18
141.90	3.92e-18
141.92	3.61e-18
141.94	3.26e-18
141.96	2.94e-18
141.98	2.83e-18
142.00	2.71e-18
142.02	2.77e-18
142.04	2.81e-18
142.06	2.88e-18
142.08	2.84e-18
142.10	2.60e-18
142.12	2.61e-18
142.14	2.48e-18
142.16	2.24e-18
142.18	2.36e-18
142.20	2.34e-18
142.22	2.33e-18
142.24	2.12e-18
142.26	2.10e-18
142.28	2.03e-18
142.30	2.20e-18
142.32	2.52e-18
142.34	4.22e-18
142.36	4.58e-18
142.38	4.61e-18
142.40	4.33e-18
142.42	4.25e-18
142.44	3.48e-18
142.46	4.26e-18
142.48	3.85e-18
142.50	3.62e-18
142.52	2.82e-18
142.54	2.94e-18
142.56	2.52e-18
142.58	2.35e-18
142.60	2.91e-18
142.62	2.60e-18
142.64	2.05e-18
142.66	2.39e-18
142.68	2.10e-18
142.70	2.09e-18
142.72	2.54e-18
142.74	2.65e-18
142.76	2.28e-18
142.78	2.48e-18
142.80	2.75e-18
142.82	3.09e-18
142.84	2.63e-18
142.86	2.20e-18
142.88	1.97e-18
142.90	1.70e-18
142.92	1.40e-18
142.94	1.49e-18
142.96	1.86e-18
142.98	1.91e-18
143.00	1.85e-18
143.02	1.72e-18
143.04	1.66e-18
143.06	1.68e-18
143.08	1.55e-18
143.10	1.47e-18
143.12	1.34e-18
143.14	1.43e-18
143.16	1.32e-18
143.18	1.26e-18
143.20	1.45e-18
143.22	1.65e-18
143.24	2.04e-18
143.26	2.55e-18
143.28	3.35e-18
143.30	4.34e-18
143.32	5.26e-18
143.34	5.53e-18
143.36	5.16e-18
143.38	4.59e-18
143.40	4.16e-18
143.42	3.39e-18
143.44	3.23e-18
143.46	3.08e-18
143.48	2.78e-18
143.50	2.54e-18
143.52	2.40e-18
143.54	2.27e-18
143.56	1.94e-18
143.58	1.78e-18
143.60	1.74e-18
143.62	1.74e-18
143.64	1.54e-18
143.66	1.42e-18
143.68	1.53e-18
143.70	1.68e-18
143.72	1.39e-18
143.74	1.73e-18
143.76	1.70e-18
143.78	1.55e-18
143.80	2.04e-18
143.82	2.27e-18
143.84	2.46e-18
143.86	2.22e-18
143.88	1.92e-18
143.90	1.80e-18
143.92	1.89e-18
143.94	1.76e-18
143.96	1.78e-18
143.98	1.91e-18
144.00	1.66e-18
144.02	1.44e-18
144.04	1.54e-18
144.06	1.56e-18
144.08	1.33e-18
144.10	1.34e-18
144.12	1.48e-18
144.14	1.45e-18
144.16	1.42e-18
144.18	1.37e-18
144.20	1.42e-18
144.22	1.36e-18
144.24	1.32e-18
144.26	1.41e-18
144.28	1.29e-18
144.30	1.28e-18
144.32	1.36e-18
144.34	1.27e-18
144.36	1.25e-18
144.38	1.25e-18
144.40	1.20e-18
144.42	1.31e-18
144.44	1.22e-18
144.46	1.33e-18
144.48	1.15e-18
144.50	1.67e-18
144.52	4.33e-18
144.54	4.75e-18
144.56	4.30e-18
144.58	5.88e-18
144.60	5.22e-18
144.62	3.65e-18
144.64	3.61e-18
144.66	3.68e-18
144.68	3.55e-18
144.70	3.82e-18
144.72	3.24e-18
144.74	2.10e-18
144.76	2.22e-18
144.78	2.29e-18
144.80	2.76e-18
144.82	2.05e-18
144.84	1.69e-18
144.86	1.97e-18
144.88	1.90e-18
144.90	1.56e-18
144.92	1.53e-18
144.94	9.80e-19
144.96	1.25e-18
144.98	1.35e-18
145.00	1.32e-18
145.02	9.09e-19
145.04	1.41e-18
145.06	1.19e-18
145.08	1.09e-18
145.10	1.10e-18
145.12	9.79e-19
145.14	1.14e-18
145.16	8.47e-19
145.18	9.04e-19
145.20	9.34e-19
145.22	1.12e-18
145.24	1.05e-18
145.26	1.42e-18
145.28	1.41e-18
145.30	1.46e-18
145.32	1.31e-18
145.34	1.22e-18
145.36	9.20e-19
145.38	1.03e-18
145.40	6.59e-19
145.42	7.27e-19
145.44	6.48e-19
145.46	6.01e-19
145.48	4.76e-19
145.50	5.25e-19
145.52	4.37e-19
145.54	6.75e-19
145.56	6.20e-19
145.58	6.17e-19
145.60	6.42e-19
145.62	5.28e-19
145.64	4.98e-19
145.66	6.91e-19
145.68	9.98e-19
145.70	1.11e-18
145.72	1.41e-18
145.74	1.41e-18
145.76	1.30e-18
145.78	1.41e-18
145.80	1.39e-18
145.82	1.34e-18
145.84	1.45e-18
145.86	1.25e-18
145.88	1.21e-18
145.90	1.18e-18
145.92	1.18e-18
145.94	1.04e-18
145.96	1.07e-18
145.98	1.13e-18
146.00	1.25e-18
146.02	1.03e-18
146.04	1.00e-18
146.06	1.16e-18
146.08	1.34e-18
146.10	1.09e-18
146.12	9.76e-19
146.14	1.11e-18
146.16	1.20e-18
146.18	1.13e-18
146.20	1.25e-18
146.22	1.11e-18
146.24	9.88e-19
146.26	8.78e-19
146.28	1.03e-18
146.30	9.79e-19
146.32	1.00e-18
146.34	9.51e-19
146.36	6.53e-19
146.38	7.85e-19
146.40	8.12e-19
146.42	9.48e-19
146.44	8.17e-19
146.46	9.16e-19
146.48	6.83e-19
146.50	7.13e-19
146.52	4.62e-19
146.54	5.56e-19
146.56	7.31e-19
146.58	7.20e-19
146.60	7.07e-19
146.62	5.99e-19
146.64	6.18e-19
146.66	8.09e-19
146.68	7.56e-19
146.70	7.28e-19
146.72	1.25e-18
146.74	2.51e-18
146.76	5.05e-18
146.78	6.02e-18
146.80	6.09e-18
146.82	6.56e-18
146.84	5.45e-18
146.86	5.99e-18
146.88	4.93e-18
146.90	5.07e-18
146.92	4.17e-18
146.94	3.35e-18
146.96	3.17e-18
146.98	3.41e-18
147.00	3.27e-18
147.02	3.56e-18
147.04	2.71e-18
147.06	1.91e-18
147.08	2.22e-18
147.10	1.65e-18
147.12	1.65e-18
147.14	1.91e-18
147.16	1.55e-18
147.18	1.38e-18
147.20	1.62e-18
147.22	1.06e-18
147.24	8.05e-19
147.26	8.29e-19
147.28	8.86e-19
147.30	8.26e-19
147.32	7.09e-19
147.34	9.22e-19
147.36	7.00e-19
147.38	6.97e-19
147.40	8.14e-19
147.42	8.40e-19
147.44	8.19e-19
147.46	4.44e-19
147.48	6.34e-19
147.50	3.75e-19
147.52	5.29e-19
147.54	6.41e-19
147.56	4.92e-19
147.58	3.65e-19
147.60	3.45e-19
147.62	4.81e-19
147.64	5.19e-19
147.66	3.52e-19
147.68	3.53e-19
147.70	4.01e-19
147.72	5.18e-19
147.74	5.45e-19
147.76	4.26e-19
147.78	4.62e-19
147.80	5.82e-19
147.82	9.33e-19
147.84	1.28e-18
147.86	1.47e-18
147.88	8.88e-19
147.90	9.14e-19
147.92	8.30e-19
147.94	1.36e-18
147.96	1.05e-18
147.98	1.02e-18
148.00	9.49e-19
148.02	1.04e-18
148.04	7.15e-19
148.06	1.02e-18
148.08	9.33e-19
148.10	7.57e-19
148.12	9.96e-19
148.14	1.04e-18
148.16	8.09e-19
148.18	7.92e-19
148.20	7.80e-19
148.22	7.94e-19
148.24	1.04e-18
148.26	7.33e-19
148.28	8.39e-19
148.30	8.04e-19
148.32	8.97e-19
148.34	8.63e-19
148.36	8.97e-19
148.38	6.78e-19
148.40	8.28e-19
148.42	6.85e-19
148.44	8.44e-19
148.46	5.69e-19
148.48	6.82e-19
148.50	6.83e-19
148.52	5.08e-19
148.54	6.24e-19
148.56	6.80e-19
148.58	5.66e-19
148.60	4.03e-19
148.62	3.48e-19
148.64	3.66e-19
148.66	4.11e-19
148.68	2.56e-19
148.70	2.52e-19
148.72	2.93e-19
148.74	3.83e-19
148.76	2.68e-19
148.78	3.05e-19
148.80	2.54e-19
148.82	4.10e-19
148.84	2.56e-19
148.86	5.03e-19
148.88	4.83e-19
148.90	2.71e-19
148.92	5.94e-19
148.94	5.92e-19
148.96	6.07e-19
148.98	7.64e-19
149.00	8.74e-19
149.02	1.72e-18
149.04	4.03e-18
149.06	5.97e-18
149.08	6.82e-18
149.10	7.79e-18
149.12	6.89e-18
149.14	7.03e-18
149.16	5.00e-18
149.18	5.55e-18
149.20	4.69e-18
149.22	5.28e-18
149.24	4.12e-18
149.26	3.91e-18
149.28	2.32e-18
149.30	2.58e-18
149.32	3.92e-18
149.34	2.79e-18
149.36	2.85e-18
149.38	1.94e-18
149.40	1.86e-18
149.42	1.72e-18
149.44	1.46e-18
149.46	9.79e-19
149.48	1.46e-18
149.50	1.41e-18
149.52	7.19e-19
149.54	8.46e-19
149.56	1.48e-18
149.58	6.96e-19
149.60	7.69e-19
149.62	5.85e-19
149.64	4.97e-19
149.66	4.36e-19
149.68	5.24e-19
149.70	5.04e-19
149.72	5.23e-19
149.74	3.01e-19
149.76	2.39e-19
149.78	2.25e-19
149.80	2.26e-19
149.82	3.08e-19
149.84	3.66e-19
149.86	2.47e-19
149.88	2.37e-19
149.90	2.42e-19
149.92	3.02e-19
149.94	3.61e-19
149.96	5.09e-19
149.98	5.24e-19
150.00	1.39e-18
150.02	1.73e-18
150.04	8.97e-19
150.06	5.15e-19
150.08	3.28e-19
150.10	6.70e-19
150.12	8.21e-19
150.14	9.56e-19
150.16	8.89e-19
150.18	1.09e-18
150.20	9.96e-19
150.22	8.10e-19
150.24	7.15e-19
150.26	4.27e-19
150.28	7.08e-19
150.30	6.65e-19
150.32	1.08e-18
150.34	9.21e-19
150.36	6.03e-19
150.38	6.26e-19
150.40	6.92e-19
150.42	5.02e-19
150.44	6.59e-19
150.46	3.78e-19
150.48	4.55e-19
150.50	5.69e-19
150.52	5.19e-19
150.54	4.94e-19
150.56	4.64e-19
150.58	8.09e-19
150.60	6.89e-19
150.62	3.06e-19
150.64	3.09e-19
150.66	4.13e-19
150.68	3.94e-19
150.70	4.87e-19
150.72	2.36e-19
150.74	4.20e-19
150.76	2.72e-19
150.78	3.16e-19
150.80	2.63e-19
150.82	4.44e-19
150.84	2.94e-19
150.86	1.05e-19
150.88	3.39e-19
150.90	3.05e-19
150.92	2.47e-19
150.94	1.58e-19
150.96	2.30e-19
150.98	1.38e-19
151.00	2.24e-19
151.02	2.23e-19
151.04	2.09e-19
151.06	4.48e-19
151.08	2.76e-19
151.10	3.47e-19
151.12	3.38e-19
151.14	-2.43e-20
151.16	1.62e-19
151.18	4.57e-19
151.20	3.31e-19
151.22	2.77e-19
151.24	5.28e-19
151.26	4.18e-19
151.28	6.98e-19
151.30	9.95e-19
151.32	9.61e-19
151.34	1.54e-18
151.36	2.80e-18
151.38	5.36e-18
151.40	7.20e-18
151.42	1.06e-17
151.44	9.62e-18
151.46	8.63e-18
151.48	8.19e-18
151.50	7.71e-18
151.52	6.62e-18
151.54	5.91e-18
151.56	5.61e-18
151.58	4.75e-18
151.60	5.92e-18
151.62	3.45e-18
151.64	3.60e-18
151.66	3.92e-18
151.68	2.30e-18
151.70	2.19e-18
151.72	2.38e-18
151.74	2.46e-18
151.76	2.28e-18
151.78	1.68e-18
151.80	2.07e-18
151.82	1.80e-18
151.84	9.69e-19
151.86	8.63e-19
151.88	1.16e-18
151.90	8.47e-19
151.92	9.92e-19
151.94	9.43e-19
151.96	5.35e-19
151.98	5.98e-19
152.00	8.25e-19
152.02	1.20e-18
152.04	6.98e-19
152.06	4.38e-19
152.08	3.74e-19
152.10	2.67e-19
152.12	5.77e-19
152.14	4.84e-19
152.16	8.49e-19
152.18	1.62e-18
152.20	2.06e-18
152.22	9.74e-19
152.24	5.82e-19
152.26	4.08e-19
152.28	3.37e-19
152.30	4.43e-19
152.32	8.29e-19
152.34	1.02e-18
152.36	9.80e-19
152.38	6.80e-19
152.40	9.20e-19
152.42	6.96e-19
152.44	9.97e-19
152.46	9.48e-19
152.48	8.11e-19
152.50	6.58e-19
152.52	8.04e-19
152.54	6.33e-19
152.56	5.18e-19
152.58	4.04e-19
152.60	8.87e-19
152.62	8.49e-19
152.64	6.62e-19
152.66	3.21e-19
152.68	6.25e-19
152.70	6.32e-19
152.72	5.55e-19
152.74	3.10e-19
152.76	5.47e-19
152.78	6.94e-19
152.80	5.58e-19
152.82	3.03e-19
152.84	5.98e-19
152.86	4.83e-19
152.88	4.88e-19
152.90	4.35e-19
152.92	5.80e-19
152.94	4.46e-19
152.96	5.60e-19
152.98	5.38e-19
153.00	3.22e-19
153.02	3.70e-19
153.04	2.55e-19
153.06	4.31e-19
153.08	2.22e-19
153.10	4.25e-19
153.12	2.24e-19
153.14	3.22e-19
153.16	1.26e-19
153.18	1.33e-19
153.20	1.85e-19
153.22	2.61e-19
153.24	2.00e-19
153.26	2.68e-19
153.28	2.78e-19
153.30	1.59e-19
153.32	1.91e-19
153.34	3.44e-19
153.36	1.06e-19
153.38	5.98e-20
153.40	1.49e-19
153.42	-2.00e-20
153.44	2.65e-19
153.46	1.71e-19
153.48	2.42e-19
153.50	1.81e-19
153.52	2.97e-19
153.54	2.35e-19
153.56	4.91e-19
153.58	2.46e-19
153.60	2.97e-19
153.62	2.63e-19
153.64	3.63e-19
153.66	5.76e-19
153.68	7.82e-19
153.70	1.02e-18
153.72	1.34e-18
153.74	2.76e-18
153.76	5.17e-18
153.78	6.37e-18
153.80	1.13e-17
153.82	1.11e-17
153.84	8.32e-18
153.86	1.01e-17
153.88	6.52e-18
153.90	7.01e-18
153.92	6.95e-18
153.94	6.83e-18
153.96	5.17e-18
153.98	3.96e-18
154.00	3.85e-18
154.02	4.10e-18
154.04	4.22e-18
154.06	3.80e-18
154.08	3.28e-18
154.10	2.40e-18
154.12	2.08e-18
154.14	1.80e-18
154.16	1.81e-18
154.18	1.79e-18
154.20	2.12e-18
154.22	9.55e-19
154.24	9.81e-19
154.26	1.06e-18
154.28	1.38e-18
154.30	9.48e-19
154.32	9.28e-19
154.34	8.48e-19
154.36	1.20e-18
154.38	2.07e-18
154.40	1.61e-18
154.42	1.11e-18
154.44	1.00e-18
154.46	5.79e-19
154.48	3.39e-19
154.50	3.59e-19
154.52	3.65e-19
154.54	4.21e-19
154.56	8.39e-19
154.58	1.07e-18
154.60	9.12e-19
154.62	8.61e-19
154.64	7.49e-19
154.66	9.18e-19
154.68	6.42e-19
154.70	8.21e-19
154.72	3.15e-19
154.74	4.34e-19
154.76	6.97e-19
154.78	6.45e-19
154.80	5.21e-19
154.82	4.10e-19
154.84	5.40e-19
154.86	5.03e-19
154.88	5.09e-19
154.90	4.36e-19
154.92	5.65e-19
154.94	4.33e-19
154.96	1.31e-19
154.98	2.68e-19
155.00	5.21e-19
155.02	3.49e-19
155.04	2.06e-19
155.06	2.52e-19
155.08	4.78e-19
155.10	3.74e-19
155.12	3.86e-19
155.14	2.05e-19
155.16	5.00e-19
155.18	4.58e-19
155.20	3.35e-19
155.22	3.57e-19
155.24	9.71e-20
155.26	3.37e-19
155.28	2.04e-19
155.30	4.33e-19
155.32	3.24e-19
155.34	2.27e-19
155.36	3.80e-19
155.38	2.84e-19
155.40	2.30e-19
155.42	4.39e-19
155.44	4.02e-20
155.46	1.24e-19
155.48	3.36e-19
155.50	2.08e-19
155.52	9.25e-20
155.54	-1.23e-19
155.56	4.18e-19
155.58	7.99e-20
155.60	2.24e-19
155.62	1.03e-19
155.64	7.80e-21
155.66	1.10e-19
155.68	1.34e-19
155.70	7.24e-20
155.72	1.59e-19
155.74	1.70e-19
155.76	1.33e-19
155.78	1.52e-19
155.80	2.71e-19
155.82	-3.83e-20
155.84	1.47e-19
155.86	-1.90e-20
155.88	2.30e-19
155.90	2.18e-19
155.92	2.15e-19
155.94	9.79e-20
155.96	3.37e-19
155.98	7.82e-20
156.00	1.40e-19
156.02	3.74e-19
156.04	6.46e-19
156.06	5.76e-19
156.08	6.30e-19
156.10	5.43e-19
156.12	8.31e-19
156.14	8.55e-19
156.16	2.13e-18
156.18	4.14e-18
156.20	6.22e-18
156.22	7.13e-18
156.24	1.09e-17
156.26	8.73e-18
156.28	8.83e-18
156.30	7.14e-18
156.32	8.82e-18
156.34	5.79e-18
156.36	5.02e-18
156.38	4.84e-18
156.40	6.43e-18
156.42	3.84e-18
156.44	4.22e-18
156.46	3.48e-18
156.48	3.87e-18
156.50	3.65e-18
156.52	2.69e-18
156.54	1.88e-18
156.56	2.60e-18
156.58	2.16e-18
156.60	2.13e-18
156.62	2.55e-18
156.64	1.80e-18
156.66	1.59e-18
156.68	1.06e-18
156.70	5.82e-19
156.72	1.13e-18
156.74	1.06e-18
156.76	6.23e-19
156.78	8.47e-19
156.80	8.91e-19
156.82	1.07e-18
156.84	1.07e-18
156.86	9.41e-19
156.88	1.03e-18
156.90	6.52e-19
156.92	5.32e-19
156.94	6.40e-19
156.96	5.26e-19
156.98	5.13e-19
157.00	4.10e-19
157.02	5.64e-19
157.04	4.57e-19
157.06	1.90e-19
157.08	4.76e-19
157.10	3.83e-19
157.12	2.48e-19
157.14	2.86e-19
157.16	3.71e-19
157.18	3.28e-19
157.20	4.04e-19
157.22	3.64e-19
157.24	2.05e-19
157.26	1.07e-19
157.28	2.36e-19
157.30	5.50e-19
157.32	3.87e-19
157.34	2.63e-19
157.36	1.92e-19
157.38	2.07e-19
157.40	2.12e-19
157.42	3.62e-19
157.44	1.63e-19
157.46	1.09e-19
157.48	3.19e-19
157.50	3.85e-19
157.52	2.01e-19
157.54	2.68e-19
157.56	2.99e-19
157.58	3.47e-19
157.60	3.15e-19
157.62	5.75e-20
157.64	3.41e-19
157.66	1.76e-19
157.68	2.56e-19
157.70	2.69e-19
157.72	1.91e-19
157.74	1.82e-19
157.76	7.18e-20
157.78	2.37e-19
157.80	1.36e-19
157.82	1.50e-19
157.84	1.81e-19
157.86	1.71e-19
157.88	3.50e-20
157.90	1.32e-20
157.92	1.98e-19
157.94	2.24e-19
157.96	8.04e-20
157.98	2.28e-19
158.00	2.71e-19
158.02	3.43e-19
158.04	1.01e-19
158.06	2.33e-19
158.08	1.14e-20
158.10	1.09e-19
158.12	5.37e-20
158.14	2.54e-19
158.16	9.75e-20
158.18	2.10e-19
158.20	2.95e-19
158.22	1.63e-19
158.24	1.84e-20
158.26	2.50e-19
158.28	1.22e-19
158.30	3.03e-19
158.32	1.99e-19
158.34	1.60e-19
158.36	2.11e-19
158.38	2.19e-19
158.40	1.87e-19
158.42	2.33e-19
158.44	2.14e-19
158.46	4.01e-19
158.48	3.51e-19
158.50	4.19e-19
158.52	5.58e-19
158.54	4.24e-19
158.56	4.42e-19
158.58	3.89e-19
158.60	6.92e-19
158.62	1.68e-18
158.64	3.24e-18
158.66	4.35e-18
158.68	4.73e-18
158.70	6.26e-18
158.72	8.99e-18
158.74	7.15e-18
158.76	5.30e-18
158.78	7.70e-18
158.80	6.05e-18
158.82	6.33e-18
158.84	4.01e-18
158.86	4.36e-18
158.88	5.47e-18
158.90	3.32e-18
158.92	2.90e-18
158.94	2.61e-18
158.96	2.90e-18
158.98	2.13e-18
159.00	2.69e-18
159.02	1.70e-18
159.04	1.62e-18
159.06	1.40e-18
159.08	1.95e-18
159.10	1.02e-18
159.12	1.50e-18
159.14	1.16e-18
159.16	8.90e-19
159.18	1.30e-18
159.20	8.83e-19
159.22	6.55e-19
159.24	7.49e-19
159.26	6.80e-19
159.28	6.79e-19
159.30	6.06e-19
159.32	4.64e-19
159.34	2.76e-19
159.36	3.65e-19
159.38	4.26e-19
159.40	3.45e-19
159.42	3.62e-19
159.44	2.97e-19
159.46	2.71e-19
159.48	1.98e-19
159.50	3.54e-19
159.52	2.53e-19
159.54	3.00e-19
159.56	2.91e-20
159.58	4.79e-20
159.60	2.43e-19
159.62	-8.76e-21
159.64	1.78e-19
159.66	2.25e-19
159.68	1.53e-19
159.70	1.95e-19
159.72	2.33e-19
159.74	2.46e-19
159.76	2.30e-19
159.78	3.38e-19
159.80	2.38e-19
159.82	2.86e-19
159.84	2.90e-19
159.86	2.19e-19
159.88	2.52e-19
159.90	-9.13e-20
159.92	3.17e-19
159.94	9.96e-20
159.96	1.68e-19
159.98	2.40e-19
160.00	1.80e-19
160.02	2.09e-19
160.04	9.96e-20
160.06	3.22e-19
160.08	2.74e-19
160.10	3.15e-19
160.12	1.28e-19
160.14	1.49e-19
160.16	2.77e-20
160.18	1.39e-19
160.20	1.95e-19
160.22	1.26e-19
160.24	2.38e-19
160.26	1.09e-19
160.28	2.48e-19
160.30	2.05e-19
160.32	4.85e-20
160.34	2.14e-19
160.36	3.22e-19
160.38	1.36e-19
160.40	8.90e-20
160.42	2.58e-19
160.44	1.81e-19
160.46	1.08e-19
160.48	2.32e-19
160.50	2.64e-19
160.52	2.66e-19
160.54	2.40e-19
160.56	2.78e-19
160.58	1.10e-19
160.60	8.15e-20
160.62	4.42e-19
160.64	2.37e-19
160.66	1.84e-19
160.68	1.18e-19
160.70	1.70e-19
160.72	4.14e-19
160.74	2.32e-19
160.76	2.96e-19
160.78	2.64e-19
160.80	2.94e-19
160.82	3.11e-19
160.84	3.00e-19
160.86	2.38e-19
160.88	2.52e-19
160.90	1.16e-19
160.92	3.56e-19
160.94	4.17e-19
160.96	4.10e-19
160.98	3.62e-19
161.00	4.47e-19
161.02	2.43e-19
161.04	5.20e-19
161.06	4.90e-19
161.08	9.13e-19
161.10	1.49e-18
161.12	2.03e-18
161.14	2.16e-18
161.16	2.52e-18
161.18	3.62e-18
161.20	4.52e-18
161.22	4.57e-18
161.24	5.64e-18
161.26	4.08e-18
161.28	5.07e-18
161.30	4.41e-18
161.32	4.00e-18
161.34	2.78e-18
161.36	2.90e-18
161.38	2.39e-18
161.40	3.12e-18
161.42	1.82e-18
161.44	2.32e-18
161.46	1.90e-18
161.48	1.97e-18
161.50	1.17e-18
161.52	1.54e-18
161.54	1.21e-18
161.56	1.06e-18
161.58	1.02e-18
161.60	9.70e-19
161.62	1.00e-18
161.64	6.58e-19
161.66	6.22e-19
161.68	6.40e-19
161.70	7.19e-19
161.72	4.97e-19
161.74	5.03e-19
161.76	4.88e-19
161.78	4.78e-19
161.80	3.20e-19
161.82	1.88e-19
161.84	2.58e-19
161.86	3.39e-19
161.88	2.58e-19
161.90	4.29e-19
161.92	2.16e-19
161.94	2.88e-19
161.96	2.51e-19
161.98	4.24e-19
162.00	3.67e-19
162.02	2.18e-19
162.04	2.88e-19
162.06	2.74e-19
162.08	2.82e-19
162.10	2.70e-19
162.12	2.69e-19
162.14	2.81e-19
162.16	2.78e-19
162.18	2.67e-19
162.20	2.71e-19
162.22	2.84e-19
162.24	2.88e-19
162.26	2.88e-19
162.28	2.80e-19
162.30	2.71e-19
162.32	2.82e-19
162.34	2.74e-19
162.36	2.84e-19
162.38	2.85e-19
162.40	2.89e-19
162.42	2.96e-19
162.44	2.87e-19
162.46	3.09e-19
162.48	2.96e-19
162.50	3.04e-19
162.52	3.00e-19
162.54	3.04e-19
162.56	3.04e-19
162.58	3.24e-19
162.60	3.17e-19
162.62	3.17e-19
162.64	3.22e-19
162.66	3.23e-19
162.68	3.20e-19
162.70	3.24e-19
162.72	3.30e-19
162.74	3.34e-19
162.76	3.42e-19
162.78	3.42e-19
162.80	3.54e-19
162.82	3.54e-19
162.84	3.68e-19
162.86	3.72e-19
162.88	3.71e-19
162.90	3.77e-19
162.92	3.80e-19
162.94	3.86e-19
162.96	3.85e-19
162.98	4.09e-19
163.00	4.05e-19
163.02	4.04e-19
163.04	4.16e-19
163.06	4.20e-19
163.08	4.33e-19
163.10	4.36e-19
163.12	4.42e-19
163.14	4.51e-19
163.16	4.59e-19
163.18	4.67e-19
163.20	4.75e-19
163.22	4.79e-19
163.24	4.87e-19
163.26	4.93e-19
163.28	4.98e-19
163.30	5.08e-19
163.32	5.12e-19
163.34	5.33e-19
163.36	5.30e-19
163.38	5.48e-19
163.40	5.42e-19
163.42	5.67e-19
163.44	5.64e-19
163.46	5.80e-19
163.48	5.82e-19
163.50	6.36e-19
163.52	6.75e-19
163.54	7.54e-19
163.56	8.51e-19
163.58	8.56e-19
163.60	1.10e-18
163.62	1.14e-18
163.64	1.27e-18
163.66	1.49e-18
163.68	1.96e-18
163.70	1.77e-18
163.72	2.04e-18
163.74	2.10e-18
163.76	2.50e-18
163.78	2.24e-18
163.80	2.17e-18
163.82	2.46e-18
163.84	1.41e-18
163.86	1.39e-18
163.88	1.33e-18
163.90	1.43e-18
163.92	1.41e-18
163.94	1.53e-18
163.96	1.02e-18
163.98	1.33e-18
164.00	1.19e-18
164.02	1.11e-18
164.04	1.06e-18
164.06	1.02e-18
164.08	9.92e-19
164.10	7.48e-19
164.12	6.92e-19
164.14	7.19e-19
164.16	6.48e-19
164.18	6.59e-19
164.20	6.75e-19
164.22	6.02e-19
164.24	5.45e-19
164.26	5.14e-19
164.28	4.98e-19
164.30	4.88e-19
164.32	4.95e-19
164.34	5.06e-19
164.36	4.74e-19
164.38	4.66e-19
164.40	4.48e-19
164.42	4.37e-19
164.44	4.47e-19
164.46	4.43e-19
164.48	4.38e-19
164.50	4.40e-19
164.52	4.46e-19
164.54	4.24e-19
164.56	4.37e-19
164.58	4.28e-19
164.60	4.23e-19
164.62	4.21e-19
164.64	4.25e-19
164.66	4.22e-19
164.68	4.25e-19
164.70	4.25e-19
164.72	4.30e-19
164.74	4.30e-19
164.76	4.31e-19
164.78	4.31e-19
164.80	4.33e-19
164.82	4.37e-19
164.84	4.40e-19
164.86	4.42e-19
164.88	4.44e-19
164.90	4.48e-19
164.92	4.52e-19
164.94	4.57e-19
164.96	4.61e-19
164.98	4.57e-19
165.00	4.60e-19
165.02	4.63e-19
165.04	4.73e-19
165.06	4.78e-19
165.08	4.83e-19
165.10	4.89e-19
165.12	4.96e-19
165.14	5.03e-19
165.16	5.10e-19
165.18	5.17e-19
165.20	5.26e-19
165.22	5.28e-19
165.24	5.41e-19
165.26	5.46e-19
165.28	5.44e-19
165.30	5.53e-19
165.32	5.72e-19
165.34	5.73e-19
165.36	5.84e-19
165.38	5.96e-19
165.40	6.06e-19
165.42	6.19e-19
165.44	6.26e-19
165.46	6.26e-19
165.48	6.46e-19
165.50	6.53e-19
165.52	6.66e-19
165.54	6.68e-19
165.56	6.88e-19
165.58	7.09e-19
165.60	7.03e-19
165.62	7.19e-19
165.64	7.37e-19
165.66	7.47e-19
165.68	7.50e-19
165.70	7.68e-19
165.72	7.85e-19
165.74	7.93e-19
165.76	8.05e-19
165.78	8.18e-19
165.80	8.32e-19
165.82	8.42e-19
165.84	8.62e-19
165.86	8.73e-19
165.88	8.91e-19
165.90	9.05e-19
165.92	9.32e-19
165.94	9.41e-19
165.96	9.55e-19
165.98	9.84e-19
166.00	1.01e-18
166.02	9.81e-19
166.04	1.06e-18
166.06	1.12e-18
166.08	1.07e-18
166.10	1.07e-18
166.12	1.11e-18
166.14	1.41e-18
166.16	1.30e-18
166.18	1.31e-18
166.20	1.42e-18
166.22	1.50e-18
166.24	1.68e-18
166.26	1.63e-18
166.28	1.45e-18
166.30	1.95e-18
166.32	1.63e-18
166.34	1.59e-18
166.36	1.40e-18
166.38	1.30e-18
166.40	1.40e-18
166.42	1.32e-18
166.44	1.33e-18
166.46	1.27e-18
166.48	1.38e-18
166.50	1.14e-18
166.52	1.37e-18
166.54	1.11e-18
166.56	1.06e-18
166.58	1.07e-18
166.60	1.03e-18
166.62	1.06e-18
166.64	1.01e-18
166.66	9.40e-19
166.68	9.72e-19
166.70	8.68e-19
166.72	8.58e-19
166.74	8.51e-19
166.76	8.41e-19
166.78	8.08e-19
166.80	8.06e-19
166.82	7.72e-19
166.84	7.74e-19
166.86	7.77e-19
166.88	7.53e-19
166.90	7.54e-19
166.92	7.46e-19
166.94	7.28e-19
166.96	7.30e-19
166.98	7.25e-19
167.00	7.07e-19
167.02	7.17e-19
167.04	7.13e-19
167.06	7.01e-19
167.08	7.04e-19
167.10	7.01e-19
167.12	6.98e-19
167.14	6.94e-19
167.16	6.87e-19
167.18	6.86e-19
167.20	6.95e-19
167.22	6.92e-19
167.24	6.90e-19
167.26	6.90e-19
167.28	6.89e-19
167.30	6.88e-19
167.32	6.91e-19
167.34	6.96e-19
167.36	7.01e-19
167.38	6.93e-19
167.40	6.93e-19
167.42	7.04e-19
167.44	7.04e-19
167.46	7.08e-19
167.48	7.12e-19
167.50	7.16e-19
167.52	7.22e-19
167.54	7.24e-19
167.56	7.31e-19
167.58	7.40e-19
167.60	7.47e-19
167.62	7.48e-19
167.64	7.52e-19
167.66	7.60e-19
167.68	7.65e-19
167.70	7.74e-19
167.72	7.81e-19
167.74	7.95e-19
167.76	8.07e-19
167.78	8.17e-19
167.80	8.23e-19
167.82	8.32e-19
167.84	8.49e-19
167.86	8.53e-19
167.88	8.63e-19
167.90	8.78e-19
167.92	8.94e-19
167.94	9.13e-19
167.96	9.20e-19
167.98	9.29e-19
168.00	9.55e-19
168.02	9.63e-19
168.04	9.75e-19
168.06	9.92e-19
168.08	1.01e-18
168.10	1.03e-18
168.12	1.05e-18
168.14	1.06e-18
168.16	1.08e-18
168.18	1.09e-18
168.20	1.11e-18
168.22	1.12e-18
168.24	1.14e-18
168.26	1.16e-18
168.28	1.18e-18
168.30	1.20e-18
168.32	1.22e-18
168.34	1.25e-18
168.36	1.27e-18
168.38	1.28e-18
168.40	1.30e-18
168.42	1.33e-18
168.44	1.36e-18
168.46	1.38e-18
168.48	1.40e-18
168.50	1.44e-18
168.52	1.48e-18
168.54	1.50e-18
168.56	1.52e-18
168.58	1.55e-18
168.60	1.60e-18
168.62	1.61e-18
168.64	1.62e-18
168.66	1.66e-18
168.68	1.75e-18
168.70	1.75e-18
168.72	1.74e-18
168.74	1.82e-18
168.76	1.81e-18
168.78	1.79e-18
168.80	1.87e-18
168.82	1.89e-18
168.84	1.85e-18
168.86	1.83e-18
168.88	1.83e-18
168.90	1.84e-18
168.92	1.85e-18
168.94	1.81e-18
168.96	1.85e-18
168.98	1.81e-18
169.00	1.83e-18
169.02	1.78e-18
169.04	1.78e-18
169.06	1.74e-18
169.08	1.75e-18
169.10	1.71e-18
169.12	1.67e-18
169.14	1.66e-18
169.16	1.66e-18
169.18	1.60e-18
169.20	1.60e-18
169.22	1.57e-18
169.24	1.54e-18
169.26	1.53e-18
169.28	1.53e-18
169.30	1.49e-18
169.32	1.49e-18
169.34	1.45e-18
169.36	1.44e-18
169.38	1.40e-18
169.40	1.39e-18
169.42	1.37e-18
169.44	1.35e-18
169.46	1.33e-18
169.48	1.31e-18
169.50	1.30e-18
169.52	1.29e-18
169.54	1.27e-18
169.56	1.26e-18
169.58	1.24e-18
169.60	1.23e-18
169.62	1.23e-18
169.64	1.21e-18
169.66	1.20e-18
169.68	1.18e-18
169.70	1.18e-18
169.72	1.17e-18
169.74	1.16e-18
169.76	1.15e-18
169.78	1.14e-18
169.80	1.13e-18
169.82	1.13e-18
169.84	1.12e-18
169.86	1.12e-18
169.88	1.11e-18
169.90	1.11e-18
169.92	1.11e-18
169.94	1.11e-18
169.96	1.10e-18
169.98	1.10e-18
170.00	1.10e-18
170.02	1.10e-18
170.04	1.10e-18
170.06	1.10e-18
170.08	1.10e-18
170.10	1.11e-18
170.12	1.13e-18
170.14	1.11e-18
170.16	1.12e-18
170.18	1.11e-18
170.20	1.14e-18
170.22	1.11e-18
170.24	1.13e-18
170.26	1.13e-18
170.28	1.14e-18
170.30	1.15e-18
170.32	1.17e-18
170.34	1.16e-18
170.36	1.15e-18
170.38	1.19e-18
170.40	1.19e-18
170.42	1.20e-18
170.44	1.22e-18
170.46	1.23e-18
170.48	1.25e-18
170.50	1.26e-18
170.52	1.26e-18
170.54	1.28e-18
170.56	1.32e-18
170.58	1.31e-18
170.60	1.34e-18
170.62	1.36e-18
170.64	1.37e-18
170.66	1.42e-18
170.68	1.41e-18
170.70	1.44e-18
170.72	1.46e-18
170.74	1.48e-18
170.76	1.49e-18
170.78	1.54e-18
170.80	1.56e-18
170.82	1.57e-18
170.84	1.60e-18
170.86	1.62e-18
170.88	1.65e-18
170.90	1.70e-18
170.92	1.72e-18
170.94	1.71e-18
170.96	1.78e-18
170.98	1.78e-18
171.00	1.84e-18
171.02	1.85e-18
171.04	1.91e-18
171.06	1.92e-18
171.08	1.96e-18
171.10	2.00e-18
171.12	2.04e-18
171.14	2.07e-18
171.16	2.11e-18
171.18	2.16e-18
171.20	2.19e-18
171.22	2.23e-18
171.24	2.25e-18
171.26	2.30e-18
171.28	2.36e-18
171.30	2.40e-18
171.32	2.42e-18
171.34	2.46e-18
171.36	2.52e-18
171.38	2.55e-18
171.40	2.59e-18
171.42	2.64e-18
171.44	2.67e-18
171.46	2.72e-18
171.48	2.75e-18
171.50	2.78e-18
171.52	2.79e-18
171.54	2.83e-18
171.56	2.86e-18
171.58	2.88e-18
171.60	2.92e-18
171.62	2.92e-18
171.64	2.94e-18
171.66	2.95e-18
171.68	2.99e-18
171.70	2.97e-18
171.72	2.95e-18
171.74	2.95e-18
171.76	2.94e-18
171.78	2.91e-18
171.80	2.92e-18
171.82	2.89e-18
171.84	2.88e-18
171.86	2.85e-18
171.88	2.82e-18
171.90	2.81e-18
171.92	2.76e-18
171.94	2.73e-18
171.96	2.70e-18
171.98	2.66e-18
172.00	2.63e-18
172.02	2.60e-18
172.04	2.56e-18
172.06	2.53e-18
172.08	2.46e-18
172.10	2.44e-18
172.12	2.41e-18
172.14	2.35e-18
172.16	2.33e-18
172.18	2.29e-18
172.20	2.27e-18
172.22	2.24e-18
172.24	2.21e-18
172.26	2.17e-18
172.28	2.15e-18
172.30	2.10e-18
172.32	2.09e-18
172.34	2.05e-18
172.36	2.02e-18
172.38	1.97e-18
172.40	1.97e-18
172.42	1.93e-18
172.44	1.92e-18
172.46	1.90e-18
172.48	1.86e-18
172.50	1.85e-18
172.52	1.85e-18
172.54	1.82e-18
172.56	1.79e-18
172.58	1.77e-18
172.60	1.75e-18
172.62	1.74e-18
172.64	1.73e-18
172.66	1.73e-18
172.68	1.70e-18
172.70	1.71e-18
172.72	1.68e-18
172.74	1.67e-18
172.76	1.66e-18
172.78	1.65e-18
172.80	1.66e-18
172.82	1.62e-18
172.84	1.64e-18
172.86	1.64e-18
172.88	1.64e-18
172.90	1.65e-18
172.92	1.63e-18
172.94	1.63e-18
172.96	1.63e-18
172.98	1.64e-18
173.00	1.64e-18
173.02	1.64e-18
173.04	1.66e-18
173.06	1.66e-18
173.08	1.69e-18
173.10	1.67e-18
173.12	1.69e-18
173.14	1.70e-18
173.16	1.71e-18
173.18	1.73e-18
173.20	1.74e-18
173.22	1.74e-18
173.24	1.77e-18
173.26	1.79e-18
173.28	1.82e-18
173.30	1.82e-18
173.32	1.84e-18
173.34	1.87e-18
173.36	1.87e-18
173.38	1.92e-18
173.40	1.95e-18
173.42	1.95e-18
173.44	1.98e-18
173.46	2.01e-18
173.48	2.04e-18
173.50	2.07e-18
173.52	2.10e-18
173.54	2.14e-18
173.56	2.17e-18
173.58	2.21e-18
173.60	2.25e-18
173.62	2.26e-18
173.64	2.31e-18
173.66	2.37e-18
173.68	2.39e-18
173.70	2.42e-18
173.72	2.48e-18
173.74	2.50e-18
173.76	2.57e-18
173.78	2.58e-18
173.80	2.62e-18
173.82	2.69e-18
173.84	2.74e-18
173.86	2.78e-18
173.88	2.82e-18
173.90	2.87e-18
173.92	2.91e-18
173.94	2.96e-18
173.96	3.02e-18
173.98	3.06e-18
174.00	3.10e-18
174.02	3.15e-18
174.04	3.19e-18
174.06	3.31e-18
174.08	3.37e-18
174.10	3.44e-18
174.12	3.50e-18
174.14	3.57e-18
174.16	3.64e-18
174.18	3.69e-18
174.20	3.77e-18
174.22	3.85e-18
174.24	3.93e-18
174.26	3.95e-18
174.28	4.07e-18
174.30	4.13e-18
174.32	4.20e-18
174.34	4.29e-18
174.36	4.32e-18
174.38	4.38e-18
174.40	4.47e-18
174.42	4.47e-18
174.44	4.55e-18
174.46	4.58e-18
174.48	4.63e-18
174.50	4.68e-18
174.52	4.70e-18
174.54	4.70e-18
174.56	4.71e-18
174.58	4.75e-18
174.60	4.74e-18
174.62	4.73e-18
174.64	4.72e-18
174.66	4.69e-18
174.68	4.70e-18
174.70	4.67e-18
174.72	4.61e-18
174.74	4.58e-18
174.76	4.54e-18
174.78	4.49e-18
174.80	4.46e-18
174.82	4.38e-18
174.84	4.29e-18
174.86	4.27e-18
174.88	4.19e-18
174.90	4.15e-18
174.92	4.07e-18
174.94	4.03e-18
174.96	3.95e-18
174.98	3.87e-18
175.00	3.79e-18
175.02	3.76e-18
175.04	3.67e-18
175.06	3.64e-18
175.08	3.55e-18
175.10	3.49e-18
175.12	3.42e-18
175.14	3.36e-18
175.16	3.29e-18
175.18	3.24e-18
175.20	3.23e-18
175.22	3.17e-18
175.24	3.07e-18
175.26	3.04e-18
175.28	3.00e-18
175.30	2.94e-18
175.32	2.94e-18
175.34	2.84e-18
175.36	2.81e-18
175.38	2.73e-18
175.40	2.73e-18
175.42	2.70e-18
175.44	2.65e-18
175.46	2.61e-18
175.48	2.60e-18
175.50	2.57e-18
175.52	2.49e-18
175.54	2.43e-18
175.56	2.46e-18
175.58	2.43e-18
175.60	2.41e-18
175.62	2.36e-18
175.64	2.35e-18
175.66	2.33e-18
175.68	2.34e-18
175.70	2.27e-18
175.72	2.27e-18
175.74	2.28e-18
175.76	2.26e-18
175.78	2.28e-18
175.80	2.25e-18
175.82	2.24e-18
175.84	2.22e-18
175.86	2.20e-18
175.88	2.22e-18
175.90	2.24e-18
175.92	2.21e-18
175.94	2.25e-18
175.96	2.22e-18
175.98	2.26e-18
176.00	2.24e-18
176.02	2.28e-18
176.04	2.27e-18
176.06	2.29e-18
176.08	2.25e-18
176.10	2.32e-18
176.12	2.35e-18
176.14	2.36e-18
176.16	2.38e-18
176.18	2.38e-18
176.20	2.42e-18
176.22	2.47e-18
176.24	2.46e-18
176.26	2.50e-18
176.28	2.53e-18
176.30	2.57e-18
176.32	2.62e-18
176.34	2.60e-18
176.36	2.65e-18
176.38	2.67e-18
176.40	2.76e-18
176.42	2.77e-18
176.44	2.78e-18
176.46	2.84e-18
176.48	2.93e-18
176.50	2.96e-18
176.52	2.99e-18
176.54	3.06e-18
176.56	3.12e-18
176.58	3.20e-18
176.60	3.21e-18
176.62	3.28e-18
176.64	3.35e-18
176.66	3.35e-18
176.68	3.44e-18
176.70	3.49e-18
176.72	3.55e-18
176.74	3.60e-18
176.76	3.70e-18
176.78	3.76e-18
176.80	3.83e-18
176.82	3.95e-18
176.84	4.00e-18
176.86	4.10e-18
176.88	4.12e-18
176.90	4.19e-18
176.92	4.28e-18
176.94	4.40e-18
176.96	4.50e-18
176.98	4.56e-18
177.00	4.67e-18
177.02	4.75e-18
177.04	4.82e-18
177.06	5.00e-18
177.08	5.03e-18
177.10	5.17e-18
177.12	5.28e-18
177.14	5.37e-18
177.16	5.46e-18
177.18	5.59e-18
177.20	5.71e-18
177.22	5.85e-18
177.24	5.92e-18
177.26	6.00e-18
177.28	6.17e-18
177.30	6.30e-18
177.32	6.37e-18
177.34	6.47e-18
177.36	6.54e-18
177.38	6.61e-18
177.40	6.83e-18
177.42	6.87e-18
177.44	6.94e-18
177.46	6.99e-18
177.48	7.06e-18
177.50	7.10e-18
177.52	7.15e-18
177.54	7.15e-18
177.56	7.24e-18
177.58	7.26e-18
177.60	7.33e-18
177.62	7.36e-18
177.64	7.33e-18
177.66	7.29e-18
177.68	7.20e-18
177.70	7.21e-18
177.72	7.19e-18
177.74	7.11e-18
177.76	7.02e-18
177.78	6.96e-18
177.80	6.89e-18
177.82	6.80e-18
177.84	6.73e-18
177.86	6.60e-18
177.88	6.52e-18
177.90	6.43e-18
177.92	6.22e-18
177.94	6.19e-18
177.96	6.09e-18
177.98	5.95e-18
178.00	5.93e-18
178.02	5.55e-18
178.04	5.40e-18
178.06	5.30e-18
178.08	5.21e-18
178.10	5.09e-18
178.12	5.02e-18
178.14	4.92e-18
178.16	4.80e-18
178.18	4.71e-18
178.20	4.59e-18
178.22	4.49e-18
178.24	4.43e-18
178.26	4.33e-18
178.28	4.20e-18
178.30	4.20e-18
178.32	4.07e-18
178.34	4.04e-18
178.36	3.92e-18
178.38	3.83e-18
178.40	3.75e-18
178.42	3.71e-18
178.44	3.65e-18
178.46	3.60e-18
178.48	3.55e-18
178.50	3.49e-18
178.52	3.41e-18
178.54	3.37e-18
178.56	3.35e-18
178.58	3.26e-18
178.60	3.26e-18
178.62	3.22e-18
178.64	3.14e-18
178.66	3.13e-18
178.68	3.11e-18
178.70	3.09e-18
178.72	3.05e-18
178.74	3.02e-18
178.76	2.98e-18
178.78	2.94e-18
178.80	2.95e-18
178.82	2.89e-18
178.84	2.88e-18
178.86	2.93e-18
178.88	2.90e-18
178.90	2.91e-18
178.92	2.89e-18
178.94	2.86e-18
178.96	2.85e-18
178.98	2.92e-18
179.00	2.90e-18
179.02	2.90e-18
179.04	2.86e-18
179.06	2.90e-18
179.08	2.94e-18
179.10	2.93e-18
179.12	2.91e-18
179.14	2.98e-18
179.16	3.01e-18
179.18	2.97e-18
179.20	3.05e-18
179.22	3.03e-18
179.24	3.09e-18
179.26	3.14e-18
179.28	3.19e-18
179.30	3.24e-18
179.32	3.24e-18
179.34	3.26e-18
179.36	3.36e-18
179.38	3.34e-18
179.40	3.43e-18
179.42	3.49e-18
179.44	3.53e-18
179.46	3.58e-18
179.48	3.65e-18
179.50	3.69e-18
179.52	3.79e-18
179.54	3.81e-18
179.56	3.90e-18
179.58	3.98e-18
179.60	4.00e-18
179.62	4.05e-18
179.64	4.16e-18
179.66	4.26e-18
179.68	4.31e-18
179.70	4.42e-18
179.72	4.48e-18
179.74	4.63e-18
179.76	4.67e-18
179.78	4.82e-18
179.80	4.89e-18
179.82	5.01e-18
179.84	5.09e-18
179.86	5.23e-18
179.88	5.30e-18
179.90	5.46e-18
179.92	5.57e-18
179.94	5.69e-18
179.96	5.80e-18
179.98	5.96e-18
180.00	6.10e-18
180.02	6.46e-18
180.04	6.34e-18
180.06	6.50e-18
180.08	6.64e-18
180.10	6.84e-18
180.12	6.88e-18
180.14	7.13e-18
180.16	7.19e-18
180.18	7.37e-18
180.20	7.50e-18
180.22	7.64e-18
180.24	7.82e-18
180.26	7.99e-18
180.28	8.20e-18
180.30	8.36e-18
180.32	8.48e-18
180.34	8.67e-18
180.36	8.80e-18
180.38	8.94e-18
180.40	9.14e-18
180.42	9.21e-18
180.44	9.40e-18
180.46	9.45e-18
180.48	9.59e-18
180.50	9.62e-18
180.52	9.84e-18
180.54	9.89e-18
180.56	9.95e-18
180.58	1.00e-17
180.60	1.00e-17
180.62	1.01e-17
180.64	1.02e-17
180.66	1.01e-17
180.68	1.02e-17
180.70	1.02e-17
180.72	1.01e-17
180.74	1.01e-17
180.76	1.01e-17
180.78	9.92e-18
180.80	9.88e-18
180.82	9.83e-18
180.84	9.64e-18
180.86	9.56e-18
180.88	9.38e-18
180.90	9.33e-18
180.92	9.15e-18
180.94	9.05e-18
180.96	8.84e-18
180.98	8.66e-18
181.00	8.57e-18
181.02	8.40e-18
181.04	8.27e-18
181.06	8.13e-18
181.08	7.96e-18
181.10	7.76e-18
181.12	7.61e-18
181.14	7.42e-18
181.16	7.24e-18
181.18	7.19e-18
181.20	7.02e-18
181.22	6.80e-18
181.24	6.69e-18
181.26	6.58e-18
181.28	6.45e-18
181.30	6.35e-18
181.32	6.14e-18
181.34	5.99e-18
181.36	5.92e-18
181.38	5.77e-18
181.40	5.65e-18
181.42	5.54e-18
181.44	5.41e-18
181.46	5.27e-18
181.48	5.11e-18
181.50	5.11e-18
181.52	4.98e-18
181.54	4.87e-18
181.56	4.84e-18
181.58	4.71e-18
181.60	4.65e-18
181.62	4.51e-18
181.64	4.44e-18
181.66	4.42e-18
181.68	4.33e-18
181.70	4.27e-18
181.72	4.18e-18
181.74	4.12e-18
181.76	4.12e-18
181.78	4.05e-18
181.80	4.03e-18
181.82	3.94e-18
181.84	3.87e-18
181.86	3.91e-18
181.88	3.88e-18
181.90	3.80e-18
181.92	3.79e-18
181.94	3.74e-18
181.96	3.75e-18
181.98	3.71e-18
182.00	3.67e-18
182.02	3.68e-18
182.04	3.71e-18
182.06	3.69e-18
182.08	3.62e-18
182.10	3.72e-18
182.12	3.66e-18
182.14	3.67e-18
182.16	3.67e-18
182.18	3.63e-18
182.20	3.64e-18
182.22	3.68e-18
182.24	3.67e-18
182.26	3.69e-18
182.28	3.72e-18
182.30	3.71e-18
182.32	3.72e-18
182.34	3.83e-18
182.36	3.81e-18
182.38	3.82e-18
182.40	3.89e-18
182.42	3.93e-18
182.44	3.96e-18
182.46	4.03e-18
182.48	4.06e-18
182.50	4.10e-18
182.52	4.22e-18
182.54	4.28e-18
182.56	4.32e-18
182.58	4.38e-18
182.60	4.47e-18
182.62	4.46e-18
182.64	4.61e-18
182.66	4.64e-18
182.68	4.80e-18
182.70	4.80e-18
182.72	4.92e-18
182.74	5.03e-18
182.76	5.11e-18
182.78	5.23e-18
182.80	5.25e-18
182.82	5.46e-18
182.84	5.61e-18
182.86	5.65e-18
182.88	5.80e-18
182.90	5.92e-18
182.92	6.03e-18
182.94	6.13e-18
182.96	6.30e-18
182.98	6.47e-18
183.00	6.56e-18
183.02	6.64e-18
183.04	6.83e-18
183.06	7.08e-18
183.08	7.12e-18
183.10	7.39e-18
183.12	7.56e-18
183.14	7.63e-18
183.16	7.80e-18
183.18	8.05e-18
183.20	8.28e-18
183.22	8.39e-18
183.24	8.70e-18
183.26	8.87e-18
183.28	8.97e-18
183.30	9.23e-18
183.32	9.48e-18
183.34	9.78e-18
183.36	9.97e-18
183.38	1.01e-17
183.40	1.03e-17
183.42	1.06e-17
183.44	1.07e-17
183.46	1.10e-17
183.48	1.12e-17
183.50	1.13e-17
183.52	1.16e-17
183.54	1.18e-17
183.56	1.21e-17
183.58	1.24e-17
183.60	1.25e-17
183.62	1.27e-17
183.64	1.27e-17
183.66	1.30e-17
183.68	1.31e-17
183.70	1.32e-17
183.72	1.33e-17
183.74	1.34e-17
183.76	1.35e-17
183.78	1.35e-17
183.80	1.35e-17
183.82	1.36e-17
183.84	1.35e-17
183.86	1.36e-17
183.88	1.35e-17
183.90	1.33e-17
183.92	1.34e-17
183.94	1.33e-17
183.96	1.31e-17
183.98	1.29e-17
184.00	1.28e-17
184.02	1.27e-17
184.04	1.25e-17
184.06	1.24e-17
184.08	1.22e-17
184.10	1.19e-17
184.12	1.17e-17
184.14	1.14e-17
184.16	1.12e-17
184.18	1.10e-17
184.20	1.08e-17
184.22	1.07e-17
184.24	1.05e-17
184.26	1.02e-17
184.28	1.00e-17
184.30	9.82e-18
184.32	9.58e-18
184.34	9.32e-18
184.36	9.17e-18
184.38	8.89e-18
184.40	8.62e-18
184.42	8.51e-18
184.44	8.29e-18
184.46	8.19e-18
184.48	7.84e-18
184.50	7.70e-18
184.52	7.41e-18
184.54	7.31e-18
184.56	7.12e-18
184.58	6.96e-18
184.60	6.80e-18
184.62	6.67e-18
184.64	6.43e-18
184.66	6.33e-18
184.68	6.22e-18
184.70	6.02e-18
184.72	5.93e-18
184.74	5.75e-18
184.76	5.63e-18
184.78	5.57e-18
184.80	5.45e-18
184.82	5.37e-18
184.84	5.18e-18
184.86	5.12e-18
184.88	5.05e-18
184.90	4.93e-18
184.92	4.98e-18
184.94	4.79e-18
184.96	4.72e-18
184.98	4.61e-18
185.00	4.54e-18
185.02	4.40e-18
185.04	4.43e-18
185.06	4.34e-18
185.08	4.31e-18
185.10	4.18e-18
185.12	4.13e-18
185.14	4.10e-18
185.16	4.08e-18
185.18	4.02e-18
185.20	4.02e-18
185.22	3.94e-18
185.24	3.97e-18
185.26	3.83e-18
185.28	3.88e-18
185.30	3.80e-18
185.32	3.93e-18
185.34	3.83e-18
185.36	3.84e-18
185.38	3.82e-18
185.40	3.82e-18
185.42	3.82e-18
185.44	3.92e-18
185.46	3.84e-18
185.48	3.84e-18
185.50	3.88e-18
185.52	3.95e-18
185.54	3.84e-18
185.56	3.96e-18
185.58	3.97e-18
185.60	3.99e-18
185.62	4.02e-18
185.64	4.05e-18
185.66	4.19e-18
185.68	4.16e-18
185.70	4.22e-18
185.72	4.26e-18
185.74	4.29e-18
185.76	4.41e-18
185.78	4.42e-18
185.80	4.61e-18
185.82	4.65e-18
185.84	4.74e-18
185.86	4.85e-18
185.88	4.86e-18
185.90	5.06e-18
185.92	5.12e-18
185.94	5.23e-18
185.96	5.27e-18
185.98	5.33e-18
186.00	5.49e-18
186.02	5.55e-18
186.04	5.76e-18
186.06	5.89e-18
186.08	6.01e-18
186.10	6.11e-18
186.12	6.34e-18
186.14	6.54e-18
186.16	6.62e-18
186.18	6.71e-18
186.20	7.01e-18
186.22	7.10e-18
186.24	7.34e-18
186.26	7.50e-18
186.28	7.76e-18
186.30	8.01e-18
186.32	8.26e-18
186.34	8.41e-18
186.36	8.63e-18
186.38	8.80e-18
186.40	9.11e-18
186.42	9.32e-18
186.44	9.64e-18
186.46	9.89e-18
186.48	1.01e-17
186.50	1.04e-17
186.52	1.07e-17
186.54	1.10e-17
186.56	1.11e-17
186.58	1.14e-17
186.60	1.19e-17
186.62	1.21e-17
186.64	1.24e-17
186.66	1.27e-17
186.68	1.31e-17
186.70	1.34e-17
186.72	1.37e-17
186.74	1.38e-17
186.76	1.42e-17
186.78	1.44e-17
186.80	1.47e-17
186.82	1.50e-17
186.84	1.52e-17
186.86	1.56e-17
186.88	1.57e-17
186.90	1.59e-17
186.92	1.61e-17
186.94	1.62e-17
186.96	1.63e-17
186.98	1.65e-17
187.00	1.64e-17
187.02	1.66e-17
187.04	1.66e-17
187.06	1.65e-17
187.08	1.66e-17
187.10	1.65e-17
187.12	1.65e-17
187.14	1.64e-17
187.16	1.61e-17
187.18	1.62e-17
187.20	1.61e-17
187.22	1.59e-17
187.24	1.57e-17
187.26	1.53e-17
187.28	1.53e-17
187.30	1.51e-17
187.32	1.49e-17
187.34	1.46e-17
187.36	1.45e-17
187.38	1.41e-17
187.40	1.39e-17
187.42	1.36e-17
187.44	1.33e-17
187.46	1.31e-17
187.48	1.27e-17
187.50	1.24e-17
187.52	1.21e-17
187.54	1.19e-17
187.56	1.16e-17
187.58	1.13e-17
187.60	1.09e-17
187.62	1.07e-17
187.64	1.05e-17
187.66	1.02e-17
187.68	9.91e-18
187.70	9.65e-18
187.72	9.39e-18
187.74	9.09e-18
187.76	8.95e-18
187.78	8.61e-18
187.80	8.41e-18
187.82	8.31e-18
187.84	7.96e-18
187.86	7.88e-18
187.88	7.64e-18
187.90	7.31e-18
187.92	7.15e-18
187.94	6.96e-18
187.96	6.90e-18
187.98	6.69e-18
188.00	6.50e-18
188.02	6.39e-18
188.04	6.18e-18
188.06	6.08e-18
188.08	5.93e-18
188.10	5.71e-18
188.12	5.60e-18
188.14	5.62e-18
188.16	5.40e-18
188.18	5.28e-18
188.20	5.18e-18
188.22	5.09e-18
188.24	4.99e-18
188.26	4.89e-18
188.28	4.70e-18
188.30	4.62e-18
188.32	4.57e-18
188.34	4.57e-18
188.36	4.45e-18
188.38	4.37e-18
188.40	4.21e-18
188.42	4.26e-18
188.44	4.19e-18
188.46	4.17e-18
188.48	4.07e-18
188.50	4.01e-18
188.52	3.95e-18
188.54	3.96e-18
188.56	3.92e-18
188.58	3.86e-18
188.60	3.89e-18
188.62	3.82e-18
188.64	3.79e-18
188.66	3.75e-18
188.68	3.74e-18
188.70	3.71e-18
188.72	3.72e-18
188.74	3.71e-18
188.76	3.67e-18
188.78	3.73e-18
188.80	3.70e-18
188.82	3.79e-18
188.84	3.70e-18
188.86	3.78e-18
188.88	3.81e-18
188.90	3.88e-18
188.92	3.84e-18
188.94	3.89e-18
188.96	3.92e-18
188.98	3.92e-18
189.00	4.03e-18
189.02	4.03e-18
189.04	4.11e-18
189.06	4.08e-18
189.08	4.17e-18
189.10	4.23e-18
189.12	4.27e-18
189.14	4.36e-18
189.16	4.45e-18
189.18	4.48e-18
189.20	4.49e-18
189.22	4.64e-18
189.24	4.67e-18
189.26	4.88e-18
189.28	4.94e-18
189.30	4.98e-18
189.32	5.07e-18
189.34	5.22e-18
189.36	5.30e-18
189.38	5.49e-18
189.40	5.69e-18
189.42	5.76e-18
189.44	5.97e-18
189.46	6.04e-18
189.48	6.26e-18
189.50	6.50e-18
189.52	6.63e-18
189.54	6.82e-18
189.56	7.01e-18
189.58	7.21e-18
189.60	7.51e-18
189.62	7.78e-18
189.64	7.99e-18
189.66	8.20e-18
189.68	8.56e-18
189.70	8.80e-18
189.72	9.12e-18
189.74	9.40e-18
189.76	9.70e-18
189.78	1.00e-17
189.80	1.04e-17
189.82	1.08e-17
189.84	1.11e-17
189.86	1.15e-17
189.88	1.19e-17
189.90	1.22e-17
189.92	1.27e-17
189.94	1.30e-17
189.96	1.35e-17
189.98	1.38e-17
190.00	1.43e-17
190.02	1.46e-17
190.04	1.50e-17
190.06	1.53e-17
190.08	1.57e-17
190.10	1.60e-17
190.12	1.62e-17
190.14	1.66e-17
190.16	1.69e-17
190.18	1.72e-17
190.20	1.75e-17
190.22	1.77e-17
190.24	1.79e-17
190.26	1.80e-17
190.28	1.83e-17
190.30	1.84e-17
190.32	1.85e-17
190.34	1.85e-17
190.36	1.86e-17
190.38	1.86e-17
190.40	1.87e-17
190.42	1.87e-17
190.44	1.86e-17
190.46	1.85e-17
190.48	1.83e-17
190.50	1.83e-17
190.52	1.81e-17
190.54	1.81e-17
190.56	1.79e-17
190.58	1.76e-17
190.60	1.74e-17
190.62	1.73e-17
190.64	1.70e-17
190.66	1.67e-17
190.68	1.65e-17
190.70	1.62e-17
190.72	1.60e-17
190.74	1.58e-17
190.76	1.54e-17
190.78	1.51e-17
190.80	1.48e-17
190.82	1.46e-17
190.84	1.42e-17
190.86	1.39e-17
190.88	1.36e-17
190.90	1.32e-17
190.92	1.29e-17
190.94	1.25e-17
190.96	1.23e-17
190.98	1.20e-17
191.00	1.16e-17
191.02	1.13e-17
191.04	1.10e-17
191.06	1.07e-17
191.08	1.05e-17
191.10	1.01e-17
191.12	9.84e-18
191.14	9.58e-18
191.16	9.33e-18
191.18	9.04e-18
191.20	8.94e-18
191.22	8.56e-18
191.24	8.30e-18
191.26	8.08e-18
191.28	7.89e-18
191.30	7.68e-18
191.32	7.43e-18
191.34	7.30e-18
191.36	7.02e-18
191.38	6.91e-18
191.40	6.72e-18
191.42	6.49e-18
191.44	6.35e-18
191.46	6.17e-18
191.48	5.97e-18
191.50	5.88e-18
191.52	5.76e-18
191.54	5.63e-18
191.56	5.45e-18
191.58	5.38e-18
191.60	5.15e-18
191.62	5.08e-18
191.64	4.94e-18
191.66	4.89e-18
191.68	4.67e-18
191.70	4.73e-18
191.72	4.62e-18
191.74	4.46e-18
191.76	4.44e-18
191.78	4.25e-18
191.80	4.28e-18
191.82	4.27e-18
191.84	4.15e-18
191.86	4.00e-18
191.88	4.02e-18
191.90	3.83e-18
191.92	3.95e-18
191.94	3.79e-18
191.96	3.81e-18
191.98	3.67e-18
192.00	3.73e-18
192.02	3.66e-18
192.04	3.64e-18
192.06	3.52e-18
192.08	3.62e-18
192.10	3.51e-18
192.12	3.57e-18
192.14	3.63e-18
192.16	3.57e-18
192.18	3.50e-18
192.20	3.52e-18
192.22	3.50e-18
192.24	3.48e-18
192.26	3.51e-18
192.28	3.43e-18
192.30	3.45e-18
192.32	3.47e-18
192.34	3.54e-18
192.36	3.56e-18
192.38	3.59e-18
192.40	3.64e-18
192.42	3.53e-18
192.44	3.62e-18
192.46	3.53e-18
192.48	3.62e-18
192.50	3.74e-18
192.52	3.78e-18
192.54	3.80e-18
192.56	3.83e-18
192.58	3.93e-18
192.60	3.98e-18
192.62	3.94e-18
192.64	3.98e-18
192.66	4.15e-18
192.68	4.27e-18
192.70	4.34e-18
192.72	4.41e-18
192.74	4.51e-18
192.76	4.57e-18
192.78	4.63e-18
192.80	4.76e-18
192.82	4.86e-18
192.84	5.06e-18
192.86	5.14e-18
192.88	5.31e-18
192.90	5.50e-18
192.92	5.56e-18
192.94	5.86e-18
192.96	5.92e-18
192.98	6.23e-18
193.00	6.36e-18
193.02	6.60e-18
193.04	6.89e-18
193.06	7.04e-18
193.08	7.34e-18
193.10	7.61e-18
193.12	7.87e-18
193.14	8.19e-18
193.16	8.49e-18
193.18	8.81e-18
193.20	9.20e-18
193.22	9.62e-18
193.24	1.01e-17
193.26	1.04e-17
193.28	1.09e-17
193.30	1.13e-17
193.32	1.17e-17
193.34	1.22e-17
193.36	1.27e-17
193.38	1.32e-17
193.40	1.36e-17
193.42	1.41e-17
193.44	1.46e-17
193.46	1.51e-17
193.48	1.57e-17
193.50	1.61e-17
193.52	1.65e-17
193.54	1.70e-17
193.56	1.73e-17
193.58	1.77e-17
193.60	1.80e-17
193.62	1.84e-17
193.64	1.88e-17
193.66	1.90e-17
193.68	1.93e-17
193.70	1.94e-17
193.72	1.96e-17
193.74	1.97e-17
193.76	1.97e-17
193.78	1.98e-17
193.80	1.99e-17
193.82	2.00e-17
193.84	1.99e-17
193.86	1.98e-17
193.88	1.98e-17
193.90	1.96e-17
193.92	1.97e-17
193.94	1.94e-17
193.96	1.93e-17
193.98	1.90e-17
194.00	1.89e-17
194.02	1.86e-17
194.04	1.83e-17
194.06	1.82e-17
194.08	1.80e-17
194.10	1.77e-17
194.12	1.73e-17
194.14	1.71e-17
194.16	1.67e-17
194.18	1.64e-17
194.20	1.61e-17
194.22	1.57e-17
194.24	1.54e-17
194.26	1.50e-17
194.28	1.47e-17
194.30	1.45e-17
194.32	1.41e-17
194.34	1.36e-17
194.36	1.33e-17
194.38	1.30e-17
194.40	1.26e-17
194.42	1.23e-17
194.44	1.19e-17
194.46	1.17e-17
194.48	1.14e-17
194.50	1.10e-17
194.52	1.07e-17
194.54	1.04e-17
194.56	1.01e-17
194.58	9.82e-18
194.60	9.45e-18
194.62	9.26e-18
194.64	8.91e-18
194.66	8.68e-18
194.68	8.36e-18
194.70	8.23e-18
194.72	7.95e-18
194.74	7.72e-18
194.76	7.50e-18
194.78	7.27e-18
194.80	7.05e-18
194.82	6.93e-18
194.84	6.61e-18
194.86	6.51e-18
194.88	6.31e-18
194.90	6.16e-18
194.92	6.01e-18
194.94	5.81e-18
194.96	5.68e-18
194.98	5.47e-18
195.00	5.34e-18
195.02	5.32e-18
195.04	5.16e-18
195.06	5.03e-18
195.08	4.84e-18
195.10	4.79e-18
195.12	4.66e-18
195.14	4.58e-18
195.16	4.36e-18
195.18	4.36e-18
195.20	4.22e-18
195.22	4.15e-18
195.24	4.05e-18
195.26	4.03e-18
195.28	3.87e-18
195.30	3.84e-18
195.32	3.73e-18
195.34	3.64e-18
195.36	3.59e-18
195.38	3.52e-18
195.40	3.51e-18
195.42	3.39e-18
195.44	3.34e-18
195.46	3.31e-18
195.48	3.25e-18
195.50	3.20e-18
195.52	3.14e-18
195.54	3.11e-18
195.56	3.14e-18
195.58	3.08e-18
195.60	3.07e-18
195.62	3.03e-18
195.64	2.96e-18
195.66	2.96e-18
195.68	2.97e-18
195.70	2.93e-18
195.72	2.93e-18
195.74	2.97e-18
195.76	2.92e-18
195.78	2.93e-18
195.80	2.94e-18
195.82	2.96e-18
195.84	2.94e-18
195.86	3.00e-18
195.88	2.92e-18
195.90	3.01e-18
195.92	2.96e-18
195.94	3.04e-18
195.96	3.08e-18
195.98	3.08e-18
196.00	3.13e-18
196.02	3.13e-18
196.04	3.10e-18
196.06	3.16e-18
196.08	3.19e-18
196.10	3.27e-18
196.12	3.27e-18
196.14	3.34e-18
196.16	3.34e-18
196.18	3.37e-18
196.20	3.42e-18
196.22	3.45e-18
196.24	3.54e-18
196.26	3.54e-18
196.28	3.60e-18
196.30	3.67e-18
196.32	3.75e-18
196.34	3.85e-18
196.36	3.93e-18
196.38	4.01e-18
196.40	4.08e-18
196.42	4.19e-18
196.44	4.31e-18
196.46	4.36e-18
196.48	4.60e-18
196.50	4.69e-18
196.52	4.84e-18
196.54	4.94e-18
196.56	5.21e-18
196.58	5.33e-18
196.60	5.55e-18
196.62	5.77e-18
196.64	6.05e-18
196.66	6.31e-18
196.68	6.62e-18
196.70	6.90e-18
196.72	7.25e-18
196.74	7.61e-18
196.76	8.02e-18
196.78	8.37e-18
196.80	8.83e-18
196.82	9.24e-18
196.84	9.75e-18
196.86	1.03e-17
196.88	1.08e-17
196.90	1.14e-17
196.92	1.20e-17
196.94	1.26e-17
196.96	1.32e-17
196.98	1.37e-17
197.00	1.44e-17
197.02	1.50e-17
197.04	1.55e-17
197.06	1.61e-17
197.08	1.66e-17
197.10	1.70e-17
197.12	1.74e-17
197.14	1.78e-17
197.16	1.82e-17
197.18	1.86e-17
197.20	1.89e-17
197.22	1.93e-17
197.24	1.94e-17
197.26	1.95e-17
197.28	1.97e-17
197.30	1.98e-17
197.32	1.99e-17
197.34	1.99e-17
197.36	1.99e-17
197.38	1.98e-17
197.40	1.97e-17
197.42	1.97e-17
197.44	1.95e-17
197.46	1.94e-17
197.48	1.92e-17
197.50	1.90e-17
197.52	1.87e-17
197.54	1.84e-17
197.56	1.83e-17
197.58	1.79e-17
197.60	1.76e-17
197.62	1.73e-17
197.64	1.72e-17
197.66	1.67e-17
197.68	1.64e-17
197.70	1.61e-17
197.72	1.57e-17
197.74	1.54e-17
197.76	1.51e-17
197.78	1.47e-17
197.80	1.43e-17
197.82	1.39e-17
197.84	1.37e-17
197.86	1.33e-17
197.88	1.30e-17
197.90	1.26e-17
197.92	1.23e-17
197.94	1.19e-17
197.96	1.16e-17
197.98	1.13e-17
198.00	1.11e-17
198.02	1.07e-17
198.04	1.04e-17
198.06	1.01e-17
198.08	9.74e-18
198.10	9.47e-18
198.12	9.20e-18
198.14	8.93e-18
198.16	8.62e-18
198.18	8.41e-18
198.20	8.16e-18
198.22	7.92e-18
198.24	7.60e-18
198.26	7.46e-18
198.28	7.15e-18
198.30	7.00e-18
198.32	6.81e-18
198.34	6.56e-18
198.36	6.34e-18
198.38	6.10e-18
198.40	5.94e-18
198.42	5.74e-18
198.44	5.57e-18
198.46	5.39e-18
198.48	5.30e-18
198.50	5.13e-18
198.52	4.90e-18
198.54	4.74e-18
198.56	4.62e-18
198.58	4.55e-18
198.60	4.42e-18
198.62	4.30e-18
198.64	4.22e-18
198.66	4.11e-18
198.68	3.93e-18
198.70	3.82e-18
198.72	3.72e-18
198.74	3.64e-18
198.76	3.54e-18
198.78	3.49e-18
198.80	3.43e-18
198.82	3.31e-18
198.84	3.25e-18
198.86	3.16e-18
198.88	3.08e-18
198.90	3.01e-18
198.92	2.99e-18
198.94	2.90e-18
198.96	2.87e-18
198.98	2.81e-18
199.00	2.74e-18
199.02	2.72e-18
199.04	2.68e-18
199.06	2.62e-18
199.08	2.56e-18
199.10	2.54e-18
199.12	2.46e-18
199.14	2.45e-18
199.16	2.43e-18
199.18	2.40e-18
199.20	2.39e-18
199.22	2.40e-18
199.24	2.35e-18
199.26	2.33e-18
199.28	2.32e-18
199.30	2.29e-18
199.32	2.26e-18
199.34	2.28e-18
199.36	2.27e-18
199.38	2.24e-18
199.40	2.26e-18
199.42	2.24e-18
199.44	2.20e-18
199.46	2.23e-18
199.48	2.23e-18
199.50	2.23e-18
199.52	2.25e-18
199.54	2.31e-18
199.56	2.26e-18
199.58	2.23e-18
199.60	2.32e-18
199.62	2.27e-18
199.64	2.29e-18
199.66	2.32e-18
199.68	2.33e-18
199.70	2.39e-18
199.72	2.38e-18
199.74	2.39e-18
199.76	2.40e-18
199.78	2.43e-18
199.80	2.43e-18
199.82	2.46e-18
199.84	2.47e-18
199.86	2.54e-18
199.88	2.53e-18
199.90	2.57e-18
199.92	2.61e-18
199.94	2.67e-18
199.96	2.63e-18
199.98	2.71e-18
200.00	2.71e-18
200.02	2.77e-18
200.04	2.84e-18
200.06	2.89e-18
200.08	2.98e-18
200.10	3.00e-18
200.12	3.11e-18
200.14	3.15e-18
200.16	3.25e-18
200.18	3.37e-18
200.20	3.48e-18
200.22	3.69e-18
200.24	3.79e-18
200.26	3.97e-18
200.28	4.11e-18
200.30	4.29e-18
200.32	4.52e-18
200.34	4.76e-18
200.36	5.05e-18
200.38	5.33e-18
200.40	5.68e-18
200.42	6.08e-18
200.44	6.37e-18
200.46	6.86e-18
200.48	7.24e-18
200.50	7.77e-18
200.52	8.22e-18
200.54	8.90e-18
200.56	9.40e-18
200.58	9.96e-18
200.60	1.06e-17
200.62	1.12e-17
200.64	1.18e-17
200.66	1.24e-17
200.68	1.29e-17
200.70	1.35e-17
200.72	1.40e-17
200.74	1.45e-17
200.76	1.50e-17
200.78	1.52e-17
200.80	1.57e-17
200.82	1.60e-17
200.84	1.63e-17
200.86	1.65e-17
200.88	1.66e-17
200.90	1.69e-17
200.92	1.71e-17
200.94	1.72e-17
200.96	1.73e-17
200.98	1.74e-17
201.00	1.74e-17
201.02	1.74e-17
201.04	1.73e-17
201.06	1.72e-17
201.08	1.71e-17
201.10	1.68e-17
201.12	1.65e-17
201.14	1.64e-17
201.16	1.61e-17
201.18	1.59e-17
201.20	1.57e-17
201.22	1.53e-17
201.24	1.51e-17
201.26	1.48e-17
201.28	1.45e-17
201.30	1.41e-17
201.32	1.38e-17
201.34	1.34e-17
201.36	1.31e-17
201.38	1.28e-17
201.40	1.24e-17
201.42	1.21e-17
201.44	1.17e-17
201.46	1.14e-17
201.48	1.10e-17
201.50	1.08e-17
201.52	1.04e-17
201.54	1.00e-17
201.56	9.68e-18
201.58	9.45e-18
201.60	9.12e-18
201.62	8.85e-18
201.64	8.55e-18
201.66	8.25e-18
201.68	7.97e-18
201.70	7.72e-18
201.72	7.54e-18
201.74	7.31e-18
201.76	6.94e-18
201.78	6.69e-18
201.80	6.56e-18
201.82	6.31e-18
201.84	6.11e-18
201.86	5.96e-18
201.88	5.61e-18
201.90	5.46e-18
201.92	5.28e-18
201.94	5.01e-18
201.96	5.03e-18
201.98	4.84e-18
202.00	4.69e-18
202.02	4.46e-18
202.04	4.43e-18
202.06	4.14e-18
202.08	4.05e-18
202.10	3.88e-18
202.12	3.77e-18
202.14	3.67e-18
202.16	3.53e-18
202.18	3.40e-18
202.20	3.40e-18
202.22	3.28e-18
202.24	3.11e-18
202.26	3.09e-18
202.28	2.89e-18
202.30	2.89e-18
202.32	2.77e-18
202.34	2.71e-18
202.36	2.62e-18
202.38	2.64e-18
202.40	2.50e-18
202.42	2.49e-18
202.44	2.40e-18
202.46	2.32e-18
202.48	2.24e-18
202.50	2.20e-18
202.52	2.13e-18
202.54	2.11e-18
202.56	2.00e-18
202.58	2.02e-18
202.60	1.95e-18
202.62	1.86e-18
202.64	1.85e-18
202.66	1.86e-18
202.68	1.79e-18
202.70	1.74e-18
202.72	1.68e-18
202.74	1.71e-18
202.76	1.67e-18
202.78	1.56e-18
202.80	1.55e-18
202.82	1.57e-18
202.84	1.57e-18
202.86	1.53e-18
202.88	1.52e-18
202.90	1.49e-18
202.92	1.45e-18
202.94	1.39e-18
202.96	1.44e-18
202.98	1.41e-18
203.00	1.40e-18
203.02	1.39e-18
203.04	1.37e-18
203.06	1.37e-18
203.08	1.33e-18
203.10	1.28e-18
203.12	1.30e-18
203.14	1.37e-18
203.16	1.32e-18
203.18	1.32e-18
203.20	1.35e-18
203.22	1.33e-18
203.24	1.30e-18
203.26	1.40e-18
203.28	1.39e-18
203.30	1.39e-18
203.32	1.41e-18
203.34	1.40e-18
203.36	1.41e-18
203.38	1.40e-18
203.40	1.41e-18
203.42	1.43e-18
203.44	1.48e-18
203.46	1.49e-18
203.48	1.47e-18
203.50	1.46e-18
203.52	1.46e-18
203.54	1.48e-18
203.56	1.52e-18
203.58	1.52e-18
203.60	1.54e-18
203.62	1.53e-18
203.64	1.61e-18
203.66	1.57e-18
203.68	1.58e-18
203.70	1.59e-18
203.72	1.66e-18
203.74	1.67e-18
203.76	1.66e-18
203.78	1.73e-18
203.80	1.73e-18
203.82	1.75e-18
203.84	1.79e-18
203.86	1.82e-18
203.88	1.84e-18
203.90	1.89e-18
203.92	1.99e-18
203.94	2.00e-18
203.96	2.05e-18
203.98	2.13e-18
204.00	2.25e-18
204.02	2.28e-18
204.04	2.39e-18
204.06	2.60e-18
204.08	2.73e-18
204.10	2.81e-18
204.12	2.97e-18
204.14	3.16e-18
204.16	3.36e-18
204.18	3.62e-18
204.20	3.92e-18
204.22	4.25e-18
204.24	4.57e-18
204.26	4.97e-18
204.28	5.42e-18
204.30	5.82e-18
204.32	6.44e-18
204.34	7.00e-18
204.36	7.65e-18
204.38	8.31e-18
204.40	8.95e-18
204.42	9.57e-18
204.44	1.02e-17
204.46	1.07e-17
204.48	1.11e-17
204.50	1.14e-17
204.52	1.16e-17
204.54	1.17e-17
204.56	1.17e-17
204.58	1.18e-17
204.60	1.18e-17
204.62	1.18e-17
204.64	1.18e-17
204.66	1.19e-17
204.68	1.20e-17
204.70	1.21e-17
204.72	1.23e-17
204.74	1.25e-17
204.76	1.26e-17
204.78	1.27e-17
204.80	1.28e-17
204.82	1.28e-17
204.84	1.28e-17
204.86	1.27e-17
204.88	1.27e-17
204.90	1.25e-17
204.92	1.23e-17
204.94	1.20e-17
204.96	1.17e-17
204.98	1.15e-17
205.00	1.12e-17
205.02	1.09e-17
205.04	1.07e-17
205.06	1.04e-17
205.08	1.01e-17
205.10	9.87e-18
205.12	9.54e-18
205.14	9.25e-18
205.16	8.97e-18
205.18	8.63e-18
205.20	8.42e-18
205.22	8.01e-18
205.24	7.76e-18
205.26	7.48e-18
205.28	7.20e-18
205.30	6.91e-18
205.32	6.75e-18
205.34	6.46e-18
205.36	6.18e-18
205.38	6.02e-18
205.40	5.78e-18
205.42	5.52e-18
205.44	5.35e-18
205.46	5.19e-18
205.48	4.93e-18
205.50	4.74e-18
205.52	4.59e-18
205.54	4.43e-18
205.56	4.16e-18
205.58	4.03e-18
205.60	3.91e-18
205.62	3.72e-18
205.64	3.54e-18
205.66	3.47e-18
205.68	3.32e-18
205.70	3.20e-18
205.72	3.11e-18
205.74	3.00e-18
205.76	2.92e-18
205.78	2.76e-18
205.80	2.63e-18
205.82	2.61e-18
205.84	2.50e-18
205.86	2.39e-18
205.88	2.35e-18
205.90	2.23e-18
205.92	2.19e-18
205.94	2.10e-18
205.96	2.05e-18
205.98	1.98e-18
206.00	1.90e-18
206.02	1.82e-18
206.04	1.79e-18
206.06	1.71e-18
206.08	1.69e-18
206.10	1.62e-18
206.12	1.57e-18
206.14	1.53e-18
206.16	1.48e-18
206.18	1.45e-18
206.20	1.39e-18
206.22	1.34e-18
206.24	1.32e-18
206.26	1.28e-18
206.28	1.25e-18
206.30	1.21e-18
206.32	1.16e-18
206.34	1.15e-18
206.36	1.12e-18
206.38	1.09e-18
206.40	1.06e-18
206.42	1.02e-18
206.44	1.01e-18
206.46	9.81e-19
206.48	9.60e-19
206.50	9.55e-19
206.52	9.26e-19
206.54	9.03e-19
206.56	8.74e-19
206.58	8.60e-19
206.60	8.53e-19
206.62	8.38e-19
206.64	8.31e-19
206.66	7.99e-19
206.68	7.77e-19
206.70	7.93e-19
206.72	7.67e-19
206.74	7.63e-19
206.76	7.53e-19
206.78	7.15e-19
206.80	7.30e-19
206.82	7.35e-19
206.84	6.96e-19
206.86	6.95e-19
206.88	7.03e-19
206.90	6.99e-19
206.92	7.02e-19
206.94	6.91e-19
206.96	6.91e-19
206.98	6.96e-19
207.00	6.91e-19
207.02	6.86e-19
207.04	7.01e-19
207.06	7.12e-19
207.08	7.02e-19
207.10	7.07e-19
207.12	6.98e-19
207.14	6.90e-19
207.16	7.11e-19
207.18	7.16e-19
207.20	7.03e-19
207.22	7.22e-19
207.24	7.18e-19
207.26	7.13e-19
207.28	7.18e-19
207.30	7.32e-19
207.32	7.28e-19
207.34	7.37e-19
207.36	7.37e-19
207.38	7.42e-19
207.40	7.64e-19
207.42	7.44e-19
207.44	7.55e-19
207.46	7.71e-19
207.48	7.80e-19
207.50	7.83e-19
207.52	7.87e-19
207.54	8.13e-19
207.56	8.02e-19
207.58	8.25e-19
207.60	8.21e-19
207.62	8.20e-19
207.64	8.47e-19
207.66	8.69e-19
207.68	8.84e-19
207.70	8.92e-19
207.72	9.05e-19
207.74	9.35e-19
207.76	9.45e-19
207.78	9.74e-19
207.80	9.96e-19
207.82	1.01e-18
207.84	1.05e-18
207.86	1.09e-18
207.88	1.14e-18
207.90	1.17e-18
207.92	1.23e-18
207.94	1.27e-18
207.96	1.35e-18
207.98	1.42e-18
208.00	1.49e-18
208.02	1.59e-18
208.04	1.71e-18
208.06	1.83e-18
208.08	1.98e-18
208.10	2.14e-18
208.12	2.35e-18
208.14	2.66e-18
208.16	3.00e-18
208.18	3.32e-18
208.20	3.80e-18
208.22	4.41e-18
208.24	5.16e-18
208.26	5.85e-18
208.28	6.68e-18
208.30	7.43e-18
208.32	8.03e-18
208.34	8.47e-18
208.36	8.52e-18
208.38	8.32e-18
208.40	7.93e-18
208.42	7.36e-18
208.44	6.91e-18
208.46	6.48e-18
208.48	6.01e-18
208.50	5.60e-18
208.52	5.42e-18
208.54	5.29e-18
208.56	5.43e-18
208.58	5.77e-18
208.60	6.23e-18
208.62	6.75e-18
208.64	7.28e-18
208.66	7.69e-18
208.68	7.92e-18
208.70	7.96e-18
208.72	7.98e-18
208.74	7.84e-18
208.76	7.73e-18
208.78	7.65e-18
208.80	7.50e-18
208.82	7.42e-18
208.84	7.32e-18
208.86	7.21e-18
208.88	6.95e-18
208.90	6.75e-18
208.92	6.45e-18
208.94	6.12e-18
208.96	5.91e-18
208.98	5.61e-18
209.00	5.42e-18
209.02	5.22e-18
209.04	5.02e-18
209.06	4.82e-18
209.08	4.71e-18
209.10	4.60e-18
209.12	4.55e-18
209.14	4.40e-18
209.16	4.19e-18
209.18	3.92e-18
209.20	3.75e-18
209.22	3.48e-18
209.24	3.36e-18
209.26	3.14e-18
209.28	3.08e-18
209.30	2.96e-18
209.32	2.77e-18
209.34	2.55e-18
209.36	2.51e-18
209.38	2.49e-18
209.40	2.37e-18
209.42	2.30e-18
209.44	2.20e-18
209.46	2.16e-18
209.48	2.06e-18
209.50	1.91e-18
209.52	1.82e-18
209.54	1.70e-18
209.56	1.64e-18
209.58	1.51e-18
209.60	1.55e-18
209.62	1.44e-18
209.64	1.38e-18
209.66	1.31e-18
209.68	1.19e-18
209.70	1.18e-18
209.72	1.13e-18
209.74	1.13e-18
209.76	9.98e-19
209.78	1.01e-18
209.80	9.79e-19
209.82	8.25e-19
209.84	7.88e-19
209.86	7.55e-19
209.88	7.25e-19
209.90	6.95e-19
209.92	6.71e-19
209.94	6.47e-19
209.96	6.26e-19
209.98	6.05e-19
210.00	5.79e-19
210.02	5.59e-19
210.04	5.37e-19
210.06	5.16e-19
210.08	4.95e-19
210.10	4.85e-19
210.12	4.69e-19
210.14	4.58e-19
210.16	4.48e-19
210.18	4.30e-19
210.20	4.18e-19
210.22	4.06e-19
210.24	3.94e-19
210.26	3.86e-19
210.28	3.68e-19
210.30	3.62e-19
210.32	3.57e-19
210.34	3.48e-19
210.36	3.40e-19
210.38	3.36e-19
210.40	3.29e-19
210.42	3.23e-19
210.44	3.11e-19
210.46	3.11e-19
210.48	3.02e-19
210.50	2.97e-19
210.52	2.94e-19
210.54	2.91e-19
210.56	2.88e-19
210.58	2.84e-19
210.60	2.80e-19
210.62	2.74e-19
210.64	2.69e-19
210.66	2.69e-19
210.68	2.71e-19
210.70	2.66e-19
210.72	2.62e-19
210.74	2.63e-19
210.76	2.64e-19
210.78	2.58e-19
210.80	2.57e-19
210.82	2.57e-19
210.84	2.53e-19
210.86	2.54e-19
210.88	2.53e-19
210.90	2.56e-19
210.92	2.53e-19
210.94	2.51e-19
210.96	2.53e-19
210.98	2.53e-19
211.00	2.51e-19
211.02	2.54e-19
211.04	2.56e-19
211.06	2.55e-19
211.08	2.55e-19
211.10	2.57e-19
211.12	2.57e-19
211.14	2.57e-19
211.16	2.61e-19
211.18	2.63e-19
211.20	2.63e-19
211.22	2.64e-19
211.24	2.66e-19
211.26	2.66e-19
211.28	2.68e-19
211.30	2.71e-19
211.32	2.74e-19
211.34	2.79e-19
211.36	2.74e-19
211.38	2.81e-19
211.40	2.83e-19
211.42	2.85e-19
211.44	2.89e-19
211.46	2.91e-19
211.48	2.96e-19
211.50	3.02e-19
211.52	3.04e-19
211.54	3.05e-19
211.56	3.08e-19
211.58	3.17e-19
211.60	3.19e-19
211.62	3.32e-19
211.64	3.33e-19
211.66	3.41e-19
211.68	3.48e-19
211.70	3.63e-19
211.72	3.71e-19
211.74	3.85e-19
211.76	3.97e-19
211.78	4.13e-19
211.80	4.31e-19
211.82	4.47e-19
211.84	4.71e-19
211.86	4.96e-19
211.88	5.24e-19
211.90	5.55e-19
211.92	5.95e-19
211.94	6.37e-19
211.96	6.90e-19
211.98	7.45e-19
212.00	8.29e-19
212.02	9.12e-19
212.04	1.03e-18
212.06	1.16e-18
212.08	1.33e-18
212.10	1.53e-18
212.12	1.71e-18
212.14	1.99e-18
212.16	2.32e-18
212.18	2.61e-18
212.20	2.90e-18
212.22	3.17e-18
212.24	3.33e-18
212.26	3.44e-18
212.28	3.43e-18
212.30	3.33e-18
212.32	3.20e-18
212.34	3.03e-18
212.36	2.83e-18
212.38	2.60e-18
212.40	2.33e-18
212.42	2.16e-18
212.44	2.00e-18
212.46	1.91e-18
212.48	1.87e-18
212.50	1.88e-18
212.52	1.90e-18
212.54	1.98e-18
212.56	2.12e-18
212.58	2.39e-18
212.60	2.71e-18
212.62	3.02e-18
212.64	3.26e-18
212.66	3.39e-18
212.68	3.46e-18
212.70	3.44e-18
212.72	3.46e-18
212.74	3.44e-18
212.76	3.42e-18
212.78	3.38e-18
212.80	3.29e-18
212.82	3.19e-18
212.84	3.05e-18
212.86	2.92e-18
212.88	2.79e-18
212.90	2.66e-18
212.92	2.52e-18
212.94	2.47e-18
212.96	2.40e-18
212.98	2.43e-18
213.00	2.40e-18
213.02	2.22e-18
213.04	2.06e-18
213.06	1.93e-18
213.08	1.90e-18
213.10	1.86e-18
213.12	1.81e-18
213.14	1.71e-18
213.16	1.47e-18
213.18	1.41e-18
213.20	1.37e-18
213.22	1.35e-18
213.24	1.30e-18
213.26	1.22e-18
213.28	1.14e-18
213.30	1.04e-18
213.32	9.68e-19
213.34	9.18e-19
213.36	8.84e-19
213.38	8.42e-19
213.40	8.08e-19
213.42	7.77e-19
213.44	7.31e-19
213.46	6.97e-19
213.48	6.60e-19
213.50	6.34e-19
213.52	5.99e-19
213.54	5.70e-19
213.56	5.31e-19
213.58	5.04e-19
213.60	4.72e-19
213.62	4.42e-19
213.64	4.12e-19
213.66	3.83e-19
213.68	3.58e-19
213.70	3.36e-19
213.72	3.17e-19
213.74	3.03e-19
213.76	2.87e-19
213.78	2.74e-19
213.80	2.60e-19
213.82	2.47e-19
213.84	2.29e-19
213.86	2.14e-19
213.88	1.99e-19
213.90	1.91e-19
213.92	1.82e-19
213.94	1.77e-19
213.96	1.73e-19
213.98	1.66e-19
214.00	1.53e-19
214.02	1.49e-19
214.04	1.39e-19
214.06	1.32e-19
214.08	1.24e-19
214.10	1.22e-19
214.12	1.17e-19
214.14	1.10e-19
214.16	1.05e-19
214.18	1.05e-19
214.20	1.00e-19
214.22	9.61e-20
214.24	9.33e-20
214.26	8.99e-20
214.28	8.57e-20
214.30	8.57e-20
214.32	8.12e-20
214.34	8.31e-20
214.36	7.98e-20
214.38	7.69e-20
214.40	7.30e-20
214.42	7.24e-20
214.44	7.03e-20
214.46	6.94e-20
214.48	7.17e-20
214.50	6.48e-20
214.52	7.00e-20
214.54	6.64e-20
214.56	6.59e-20
214.58	6.21e-20
214.60	6.31e-20
214.62	6.35e-20
214.64	6.26e-20
214.66	6.34e-20
214.68	5.92e-20
214.70	5.91e-20
214.72	5.89e-20
214.74	5.80e-20
214.76	5.85e-20
214.78	5.64e-20
214.80	5.61e-20
214.82	5.81e-20
214.84	5.90e-20
214.86	5.79e-20
214.88	5.59e-20
214.90	5.52e-20
214.92	5.73e-20
214.94	5.67e-20
214.96	5.43e-20
214.98	5.61e-20
215.00	5.65e-20
215.02	5.72e-20
215.04	5.94e-20
215.06	6.12e-20
215.08	6.04e-20
215.10	6.06e-20
215.12	6.06e-20
215.14	6.22e-20
215.16	6.39e-20
215.18	6.40e-20
215.20	6.21e-20
215.22	6.36e-20
215.24	6.42e-20
215.26	6.50e-20
215.28	6.53e-20
215.30	6.72e-20
215.32	6.86e-20
215.34	6.98e-20
215.36	6.82e-20
215.38	6.65e-20
215.40	7.17e-20
215.42	7.16e-20
215.44	7.24e-20
215.46	7.17e-20
215.48	7.59e-20
215.50	7.72e-20
215.52	7.83e-20
215.54	8.06e-20
215.56	8.04e-20
215.58	8.54e-20
215.60	8.84e-20
215.62	8.95e-20
215.64	9.12e-20
215.66	9.52e-20
215.68	1.04e-19
215.70	1.08e-19
215.72	1.11e-19
215.74	1.19e-19
215.76	1.22e-19
215.78	1.31e-19
215.80	1.39e-19
215.82	1.46e-19
215.84	1.55e-19
215.86	1.69e-19
215.88	1.80e-19
215.90	1.95e-19
215.92	2.14e-19
215.94	2.31e-19
215.96	2.48e-19
215.98	2.71e-19
216.00	2.92e-19
216.02	3.19e-19
216.04	3.54e-19
216.06	3.87e-19
216.08	4.16e-19
216.10	4.55e-19
216.12	4.91e-19
216.14	5.24e-19
216.16	5.55e-19
216.18	5.76e-19
216.20	6.07e-19
216.22	6.27e-19
216.24	6.41e-19
216.26	6.65e-19
216.28	6.78e-19
216.30	6.87e-19
216.32	6.87e-19
216.34	6.75e-19
216.36	6.51e-19
216.38	6.20e-19
216.40	5.92e-19
216.42	5.60e-19
216.44	5.39e-19
216.46	5.28e-19
216.48	5.16e-19
216.50	5.07e-19
216.52	5.03e-19
216.54	4.96e-19
216.56	4.93e-19
216.58	5.05e-19
216.60	5.33e-19
216.62	5.72e-19
216.64	6.28e-19
216.66	7.05e-19
216.68	7.86e-19
216.70	8.69e-19
216.72	9.34e-19
216.74	9.74e-19
216.76	9.87e-19
216.78	9.81e-19
216.80	9.51e-19
216.82	9.07e-19
216.84	8.66e-19
216.86	8.37e-19
216.88	8.10e-19
216.90	7.97e-19
216.92	7.82e-19
216.94	7.75e-19
216.96	7.59e-19
216.98	7.35e-19
217.00	7.01e-19
217.02	6.69e-19
217.04	6.53e-19
217.06	6.35e-19
217.08	6.39e-19
217.10	6.34e-19
217.12	6.33e-19
217.14	6.27e-19
217.16	6.25e-19
217.18	6.01e-19
217.20	5.88e-19
217.22	5.70e-19
217.24	5.45e-19
217.26	5.20e-19
217.28	4.90e-19
217.30	4.69e-19
217.32	4.41e-19
217.34	4.18e-19
217.36	3.93e-19
217.38	3.73e-19
217.40	3.50e-19
217.42	3.38e-19
217.44	3.21e-19
217.46	3.07e-19
217.48	2.90e-19
217.50	2.73e-19
217.52	2.57e-19
217.54	2.41e-19
217.56	2.30e-19
217.58	2.18e-19
217.60	2.05e-19
217.62	1.82e-19
217.64	1.70e-19
217.66	1.62e-19
217.68	1.54e-19
217.70	1.46e-19
217.72	1.38e-19
217.74	1.31e-19
217.76	1.22e-19
217.78	1.14e-19
217.80	1.04e-19
217.82	9.76e-20
217.84	8.92e-20
217.86	8.53e-20
217.88	8.01e-20
217.90	7.64e-20
217.92	7.23e-20
217.94	6.80e-20
217.96	6.39e-20
217.98	6.06e-20
218.00	5.73e-20
218.02	5.45e-20
218.04	5.15e-20
218.06	4.87e-20
218.08	4.60e-20
218.10	4.34e-20
218.12	4.13e-20
218.14	3.89e-20
218.16	3.69e-20
218.18	3.52e-20
218.20	3.35e-20
218.22	3.20e-20
218.24	3.06e-20
218.26	2.90e-20
218.28	2.77e-20
218.30	2.64e-20
218.32	2.51e-20
218.34	2.39e-20
218.36	2.27e-20
218.38	2.17e-20
218.40	2.08e-20
218.42	2.01e-20
218.44	1.96e-20
218.46	1.85e-20
218.48	1.80e-20
218.50	1.71e-20
218.52	1.65e-20
218.54	1.59e-20
218.56	1.55e-20
218.58	1.46e-20
218.60	1.44e-20
218.62	1.42e-20
218.64	1.37e-20
218.66	1.32e-20
218.68	1.28e-20
218.70	1.23e-20
218.72	1.22e-20
218.74	1.18e-20
218.76	1.18e-20
218.78	1.11e-20
218.80	1.10e-20
218.82	1.10e-20
218.84	1.07e-20
218.86	1.07e-20
218.88	1.06e-20
218.90	1.03e-20
218.92	1.03e-20
218.94	1.01e-20
218.96	9.62e-21
218.98	9.56e-21
219.00	9.74e-21
219.02	9.60e-21
219.04	9.57e-21
219.06	9.47e-21
219.08	9.40e-21
219.10	9.04e-21
219.12	9.21e-21
219.14	9.05e-21
219.16	8.95e-21
219.18	8.99e-21
219.20	8.99e-21
219.22	8.86e-21
219.24	8.69e-21
219.26	8.77e-21
219.28	8.89e-21
219.30	8.35e-21
219.32	8.68e-21
219.34	8.67e-21
219.36	8.46e-21
219.38	8.70e-21
219.40	8.91e-21
219.42	8.55e-21
219.44	8.57e-21
219.46	9.17e-21
219.48	8.99e-21
219.50	8.89e-21
219.52	8.83e-21
219.54	8.88e-21
219.56	9.11e-21
219.58	8.97e-21
219.60	9.14e-21
219.62	9.12e-21
219.64	9.15e-21
219.66	9.24e-21
219.68	9.57e-21
219.70	9.50e-21
219.72	9.68e-21
219.74	9.89e-21
219.76	9.99e-21
219.78	9.92e-21
219.80	1.01e-20
219.82	1.02e-20
219.84	1.05e-20
219.86	1.06e-20
219.88	1.09e-20
219.90	1.12e-20
219.92	1.14e-20
219.94	1.13e-20
219.96	1.20e-20
219.98	1.22e-20
220.00	1.23e-20
220.02	1.27e-20
220.04	1.33e-20
220.06	1.35e-20
220.08	1.40e-20
220.10	1.49e-20
220.12	1.53e-20
220.14	1.61e-20
220.16	1.66e-20
220.18	1.78e-20
220.20	1.88e-20
220.22	1.99e-20
220.24	2.09e-20
220.26	2.26e-20
220.28	2.39e-20
220.30	2.58e-20
220.32	2.80e-20
220.34	3.02e-20
220.36	3.27e-20
220.38	3.55e-20
220.40	3.84e-20
220.42	4.17e-20
220.44	4.53e-20
220.46	4.91e-20
220.48	5.30e-20
220.50	5.74e-20
220.52	6.23e-20
220.54	6.70e-20
220.56	7.22e-20
220.58	7.70e-20
220.60	8.21e-20
220.62	8.63e-20
220.64	8.98e-20
220.66	9.21e-20
220.68	9.43e-20
220.70	9.59e-20
220.72	9.73e-20
220.74	9.81e-20
220.76	9.75e-20
220.78	9.60e-20
220.80	9.26e-20
220.82	8.89e-20
220.84	8.32e-20
220.86	7.94e-20
220.88	7.62e-20
220.90	7.32e-20
220.92	7.11e-20
220.94	6.87e-20
220.96	6.75e-20
220.98	6.52e-20
221.00	6.27e-20
221.02	6.20e-20
221.04	6.31e-20
221.06	6.56e-20
221.08	7.06e-20
221.10	7.84e-20
221.12	8.74e-20
221.14	9.48e-20
221.16	1.07e-19
221.18	1.17e-19
221.20	1.25e-19
221.22	1.29e-19
221.24	1.30e-19
221.26	1.26e-19
221.28	1.23e-19
221.30	1.19e-19
221.32	1.15e-19
221.34	1.12e-19
221.36	1.10e-19
221.38	1.08e-19
221.40	1.05e-19
221.42	1.03e-19
221.44	9.96e-20
221.46	9.33e-20
221.48	8.78e-20
221.50	8.29e-20
221.52	7.92e-20
221.54	7.62e-20
221.56	7.45e-20
221.58	7.25e-20
221.60	7.06e-20
221.62	6.94e-20
221.64	6.81e-20
221.66	6.59e-20
221.68	6.37e-20
221.70	6.10e-20
221.72	5.74e-20
221.74	5.39e-20
221.76	5.09e-20
221.78	4.83e-20
221.80	4.55e-20
221.82	4.32e-20
221.84	4.13e-20
221.86	3.93e-20
221.88	3.74e-20
221.90	3.55e-20
221.92	3.31e-20
221.94	3.16e-20
221.96	2.96e-20
221.98	2.78e-20
222.00	2.69e-20
222.02	2.34e-20
222.04	2.24e-20
222.06	2.15e-20
222.08	2.04e-20
222.10	1.94e-20
222.12	1.83e-20
222.14	1.72e-20
222.16	1.62e-20
222.18	1.53e-20
222.20	1.44e-20
222.22	1.35e-20
222.24	1.27e-20
222.26	1.20e-20
222.28	1.12e-20
222.30	1.06e-20
222.32	9.98e-21
222.34	9.32e-21
222.36	8.82e-21
222.38	8.32e-21
222.40	7.88e-21
222.42	7.42e-21
222.44	7.06e-21
222.46	6.66e-21
222.48	6.28e-21
222.50	5.99e-21
222.52	5.75e-21
222.54	5.37e-21
222.56	5.15e-21
222.58	4.99e-21
222.60	4.78e-21
222.62	4.58e-21
222.64	4.36e-21
222.66	4.21e-21
222.68	3.99e-21
222.70	3.88e-21
222.72	3.73e-21
222.74	3.50e-21
222.76	3.49e-21
222.78	3.35e-21
222.80	3.22e-21
222.82	3.14e-21
222.84	2.99e-21
222.86	2.86e-21
222.88	2.77e-21
222.90	2.73e-21
222.92	2.64e-21
222.94	2.59e-21
222.96	2.50e-21
222.98	2.48e-21
223.00	2.38e-21
223.02	2.33e-21
223.04	2.32e-21
223.06	2.26e-21
223.08	2.14e-21
223.10	2.18e-21
223.12	2.13e-21
223.14	2.18e-21
223.16	2.10e-21
223.18	2.14e-21
223.20	2.10e-21
223.22	2.08e-21
223.24	2.08e-21
223.26	1.99e-21
223.28	2.16e-21
223.30	2.03e-21
223.32	2.02e-21
223.34	2.05e-21
223.36	2.05e-21
223.38	2.09e-21
223.40	2.15e-21
223.42	2.15e-21
223.44	2.20e-21
223.46	2.15e-21
223.48	2.25e-21
223.50	2.32e-21
223.52	2.41e-21
223.54	2.51e-21
223.56	2.62e-21
223.58	2.69e-21
223.60	2.83e-21
223.62	2.98e-21
223.64	3.19e-21
223.66	3.40e-21
223.68	3.60e-21
223.70	3.91e-21
223.72	4.32e-21
223.74	4.60e-21
223.76	4.98e-21
223.78	5.46e-21
223.80	5.84e-21
223.82	6.38e-21
223.84	6.83e-21
223.86	7.39e-21
223.88	7.94e-21
223.90	8.45e-21
223.92	9.00e-21
223.94	9.29e-21
223.96	9.57e-21
223.98	9.74e-21
224.00	9.94e-21
224.02	9.94e-21
224.04	1.00e-20
224.06	9.89e-21
224.08	9.73e-21
224.10	9.50e-21
224.12	9.01e-21
224.14	8.62e-21
224.16	8.18e-21
224.18	7.79e-21
224.20	7.40e-21
224.22	7.11e-21
224.24	6.84e-21
224.26	6.67e-21
224.28	6.43e-21
224.30	6.04e-21
224.32	6.00e-21
224.34	5.93e-21
224.36	6.03e-21
224.38	6.44e-21
224.40	6.91e-21
224.42	7.64e-21
224.44	8.62e-21
224.46	9.66e-21
224.48	1.08e-20
224.50	1.15e-20
224.52	1.20e-20
224.54	1.22e-20
224.56	1.23e-20
224.58	1.20e-20
224.60	1.17e-20
224.62	1.14e-20
224.64	1.11e-20
224.66	1.08e-20
224.68	1.05e-20
224.70	1.02e-20
224.72	9.84e-21
224.74	9.56e-21
224.76	9.34e-21
224.78	8.93e-21
224.80	8.56e-21
224.82	8.08e-21
224.84	7.65e-21
224.86	7.37e-21
224.88	7.11e-21
224.90	6.90e-21
224.92	6.75e-21
224.94	6.61e-21
224.96	6.39e-21
224.98	6.20e-21
225.00	6.04e-21
225.02	5.90e-21
225.04	5.62e-21
225.06	5.37e-21
225.08	5.04e-21
225.10	4.78e-21
225.12	4.56e-21
225.14	4.37e-21
225.16	4.20e-21
225.18	4.04e-21
225.20	3.89e-21
225.22	3.72e-21
225.24	3.54e-21
225.26	3.41e-21
225.28	3.28e-21
225.30	3.13e-21
225.32	3.01e-21
225.34	2.88e-21
225.36	2.67e-21
225.38	2.60e-21
225.40	2.48e-21
225.42	2.36e-21
225.44	2.21e-21
225.46	2.08e-21
225.48	2.01e-21
225.50	1.92e-21
225.52	1.83e-21
225.54	1.71e-21
225.56	1.68e-21
225.58	1.59e-21
225.60	1.51e-21
225.62	1.45e-21
225.64	1.37e-21
225.66	1.31e-21
225.68	1.25e-21
225.70	1.16e-21
225.72	1.14e-21
225.74	1.07e-21
225.76	1.02e-21
225.78	9.89e-22
225.80	9.57e-22
225.82	9.01e-22
225.84	8.65e-22
225.86	8.52e-22
225.88	8.18e-22
225.90	7.83e-22
225.92	7.41e-22
225.94	7.18e-22
225.96	7.06e-22
225.98	6.43e-22
226.00	6.50e-22
226.02	6.35e-22
226.04	5.71e-22
226.06	5.85e-22
226.08	5.64e-22
226.10	5.34e-22
226.12	4.97e-22
226.14	4.87e-22
226.16	4.88e-22
226.18	4.85e-22
226.20	4.54e-22
226.22	4.40e-22
226.24	4.05e-22
226.26	4.22e-22
226.28	3.79e-22
226.30	3.94e-22
226.32	3.91e-22
226.34	3.62e-22
226.36	3.42e-22
226.38	3.29e-22
226.40	3.68e-22
226.42	3.41e-22
226.44	3.55e-22
226.46	2.92e-22
226.48	3.12e-22
226.50	2.84e-22
226.52	3.07e-22
226.54	2.83e-22
226.56	2.51e-22
226.58	2.66e-22
226.60	2.52e-22
226.62	2.57e-22
226.64	2.50e-22
226.66	2.39e-22
226.68	2.55e-22
226.70	2.58e-22
226.72	2.59e-22
226.74	2.27e-22
226.76	2.50e-22
226.78	2.16e-22
226.80	2.40e-22
226.82	2.24e-22
226.84	2.02e-22
226.86	2.34e-22
226.88	2.24e-22
226.90	2.04e-22
226.92	1.90e-22
226.94	1.75e-22
226.96	1.86e-22
226.98	1.87e-22
227.00	1.63e-22
227.02	1.90e-22
227.04	1.74e-22
227.06	1.73e-22
227.08	1.65e-22
227.10	1.71e-22
227.12	1.46e-22
227.14	1.73e-22
227.16	1.51e-22
227.18	1.55e-22
227.20	1.41e-22
227.22	1.70e-22
227.24	1.43e-22
227.26	1.60e-22
227.28	1.61e-22
227.30	1.39e-22
227.32	1.41e-22
227.34	1.29e-22
227.36	1.26e-22
227.38	1.39e-22
227.40	1.19e-22
227.42	1.50e-22
227.44	1.21e-22
227.46	1.30e-22
227.48	1.28e-22
227.50	1.10e-22
227.52	1.35e-22
227.54	1.21e-22
227.56	1.23e-22
227.58	1.25e-22
227.60	1.25e-22
227.62	1.24e-22
227.64	9.47e-23
227.66	1.23e-22
227.68	1.03e-22
227.70	1.19e-22
227.72	1.10e-22
227.74	1.02e-22
227.76	1.26e-22
227.78	1.35e-22
227.80	1.28e-22
227.82	1.05e-22
227.84	1.43e-22
227.86	1.12e-22
227.88	1.39e-22
227.90	1.18e-22
227.92	1.12e-22
227.94	1.12e-22
227.96	1.16e-22
227.98	9.72e-23
228.00	1.01e-22
228.02	1.22e-22
228.04	1.07e-22
228.06	9.61e-23
228.08	8.23e-23
228.10	1.11e-22
228.12	9.77e-23
228.14	1.07e-22
228.16	7.63e-23
228.18	7.97e-23
228.20	1.04e-22
228.22	1.01e-22
228.24	1.11e-22
228.26	1.11e-22
228.28	1.00e-22
228.30	1.10e-22
228.32	8.53e-23
228.34	1.00e-22
228.36	1.12e-22
228.38	8.53e-23
228.40	9.77e-23
228.42	8.41e-23
228.44	7.70e-23
228.46	7.81e-23
228.48	8.95e-23
228.50	1.13e-22
228.52	9.07e-23
228.54	1.17e-22
228.56	6.55e-23
228.58	1.10e-22
228.60	1.09e-22
228.62	9.14e-23
228.64	9.86e-23
228.66	7.98e-23
228.68	1.01e-22
228.70	9.52e-23
228.72	8.69e-23
228.74	8.78e-23
228.76	6.22e-23
228.78	8.55e-23
228.80	7.19e-23
228.82	9.88e-23
228.84	4.35e-23
228.86	7.24e-23
228.88	4.04e-23
228.90	6.89e-23
228.92	5.42e-23
228.94	5.35e-23
228.96	3.38e-23
228.98	4.17e-23
229.00	5.07e-23
229.02	3.72e-23
229.04	3.74e-23
229.06	4.55e-23
229.08	4.15e-23
229.10	4.82e-23
229.12	5.03e-23
229.14	3.23e-23
229.16	3.82e-23
229.18	3.66e-23
229.20	4.56e-23
229.22	3.93e-23
229.24	4.30e-23
229.26	3.94e-23
229.28	4.10e-23
229.30	3.74e-23
229.32	3.22e-23
229.34	4.06e-23
229.36	3.59e-23
229.38	3.15e-23
229.40	3.81e-23
229.42	3.26e-23
229.44	3.10e-23
229.46	3.35e-23
229.48	2.50e-23
229.50	3.59e-23
229.52	2.69e-23
229.54	2.88e-23
229.56	2.94e-23
229.58	3.47e-23
229.60	3.25e-23
229.62	2.55e-23
229.64	2.69e-23
229.66	3.11e-23
229.68	2.35e-23
229.70	2.79e-23
229.72	2.59e-23
229.74	2.59e-23
229.76	3.05e-23
229.78	2.13e-23
229.80	2.79e-23
229.82	2.87e-23
229.84	2.27e-23
229.86	2.23e-23
229.88	2.14e-23
229.90	2.62e-23
229.92	2.40e-23
229.94	2.65e-23
229.96	2.74e-23
229.98	2.71e-23
230.00	2.51e-23