1.388888888888888857e+02 1.578478999999999773e-19
1.396351219046254357e+02 1.687794010593878420e-19
1.403813549203620141e+02 2.321987194643773504e-19
1.411275879360985641e+02 2.298499266251439853e-19
1.418738209518351425e+02 2.738508776113347533e-19
1.426200539675716925e+02 3.134569564572530474e-19
1.433662869833082709e+02 3.155879227338852415e-19
1.441125199990448209e+02 3.846212535251448786e-19
1.448587530147813709e+02 3.804448430773398178e-19
1.456049860305179493e+02 4.143953165795940390e-19
1.463512190462544993e+02 4.324110675287985651e-19
1.470974520619910777e+02 4.482119712895193163e-19
1.478436850777276277e+02 4.500953467249813152e-19
1.485899180934641777e+02 4.520996550155835897e-19
1.493361511092007561e+02 4.813077629135902943e-19
1.500823841249373061e+02 4.319338366456049999e-19
1.508286171406738845e+02 4.734053705211687317e-19
1.515748501564104345e+02 4.073191707332465184e-19
1.523210831721469845e+02 4.023132311291131534e-19
1.530673161878835629e+02 4.094681908181813261e-19
1.538135492036201128e+02 3.246436087933103744e-19
1.545597822193566913e+02 3.776616591587866528e-19
1.553060152350932412e+02 2.641446441759258223e-19
1.560522482508297912e+02 3.025759263742568231e-19
1.567984812665663696e+02 2.333329182371810585e-19
1.575447142823029196e+02 2.280176235863117372e-19
1.582909472980394980e+02 2.159031382118617565e-19
1.590371803137760480e+02 1.642129682928868938e-19
1.597834133295126264e+02 1.681140104074671259e-19
1.605296463452491764e+02 1.220281169219483630e-19
1.612758793609857264e+02 1.353861394541332679e-19
1.620221123767223048e+02 9.080490251505182802e-20
1.627683453924588548e+02 1.050970907674901876e-19
1.635145784081954332e+02 6.600973812115815149e-20
1.642608114239319832e+02 7.723842839406418276e-20
1.650070444396685616e+02 5.213810799283616612e-20
1.657532774554051116e+02 5.594655892031757115e-20
1.664995104711416616e+02 3.727467454609972181e-20
1.672457434868782400e+02 3.651546092153747267e-20
1.679919765026147900e+02 2.778243808168377567e-20
1.687382095183513684e+02 2.152581389764880704e-20
1.694844425340879184e+02 2.439518510332443908e-20
1.702306755498244684e+02 1.384236589137360088e-20
1.709769085655610468e+02 1.836377077043349575e-20
1.717231415812975968e+02 1.004495598314814653e-20
1.724693745970341752e+02 1.266035901340424391e-20
1.732156076127707252e+02 7.868968546379306196e-21
1.739618406285072751e+02 6.756736708120867638e-21
1.747080736442438536e+02 6.518021178302587373e-21
1.754543066599804035e+02 3.683503515420436674e-21
1.762005396757169819e+02 4.937492736208409889e-21
1.769467726914535319e+02 2.690669900580282306e-21
1.776930057071900819e+02 2.618714529428937358e-21
1.784392387229266603e+02 2.375989448881785075e-21
1.791854717386632103e+02 1.161171328897499780e-21
1.799317047543997887e+02 1.645281020146046925e-21
1.806779377701363387e+02 9.688373744422341681e-22
1.814241707858728887e+02 8.141961143992867425e-22
1.821704038016094671e+02 7.666589942291632116e-22
1.829166368173460455e+02 3.790222556816400713e-22
1.836628698330825955e+02 5.599910490183954574e-22
1.844091028488191455e+02 3.688168107348689030e-22
1.851553358645557239e+02 1.938062638113899948e-22
1.859015688802922739e+02 2.795817345275760866e-22
1.866478018960288523e+02 1.409237514263908489e-22
1.873940349117654023e+02 1.193239793110248617e-22
1.881402679275019523e+02 1.322382431413749473e-22
1.888865009432385307e+02 6.036935340103108499e-23
1.896327339589750807e+02 6.079381987694396404e-23
1.903789669747116591e+02 6.562210808548793448e-23
1.911251999904482091e+02 2.805194417420072139e-23
1.918714330061847591e+02 3.211566163969244271e-23
1.926176660219213375e+02 3.062592421409717250e-23
1.933638990376578874e+02 1.675773157095119186e-23
1.941101320533944659e+02 1.481301683858061876e-23
1.948563650691310158e+02 1.361109611387630665e-23
1.956025980848675658e+02 5.457092042748339299e-24
1.963488311006041442e+02 5.375527911620111207e-24
1.970950641163406942e+02 8.563153610435869520e-24
1.978412971320772726e+02 1.930286562118521914e-24
1.985875301478138226e+02 2.202062088376838116e-24
1.993337631635503726e+02 3.302675073591466954e-24
2.000799961792869510e+02 1.854535667359469921e-24
2.008262291950235010e+02 8.234379935340369047e-25
2.015724622107600794e+02 1.071186477060684425e-24
2.023186952264966294e+02 1.424172079395247272e-24
2.030649282422331794e+02 1.876772009686885028e-25
2.038111612579697578e+02 3.552581870253598793e-25
2.045573942737063362e+02 6.230003102611220134e-25
2.053036272894428862e+02 2.303577506929057526e-25
2.060498603051794362e+02 1.182252509219932302e-25
2.067960933209159862e+02 1.309735760510629755e-25
2.075423263366525646e+02 1.878941415287051688e-25
2.082885593523891430e+02 2.812682135514738819e-26
2.090347923681256930e+02 4.721330981537011458e-26
2.097810253838622430e+02 5.700826201498319926e-26
2.105272583995988214e+02 6.660475798382894299e-26
2.112734914153353714e+02 2.359867023343574850e-26
2.120197244310719498e+02 2.416764472802221452e-26
2.127659574468084998e+02 2.874535000000000108e-26
