42.24727	3.673e-17
42.27629	3.664e-17
42.30600	3.672e-17
42.33542	3.680e-17
42.36452	3.692e-17
42.39404	3.747e-17
42.42305	3.717e-17
42.45237	3.706e-17
42.48208	3.712e-17
42.51149	3.713e-17
42.54102	3.728e-17
42.57062	3.728e-17
42.60004	3.747e-17
42.63036	3.753e-17
42.65987	3.761e-17
42.68848	3.773e-17
42.71790	3.772e-17
42.74721	3.771e-17
42.77653	3.775e-17
42.80604	3.782e-17
42.83606	3.798e-17
42.86497	3.782e-17
42.89448	3.809e-17
42.92430	3.817e-17
42.95391	3.819e-17
42.98323	3.830e-17
43.01304	3.828e-17
43.04265	3.830e-17
43.07227	3.837e-17
43.10199	3.848e-17
43.13150	3.851e-17
43.16131	3.851e-17
43.19133	3.870e-17
43.22095	3.884e-17
43.25076	3.890e-17
43.27986	3.890e-17
43.30898	3.901e-17
43.33790	3.908e-17
43.36732	3.917e-17
43.39683	3.914e-17
43.42604	3.920e-17
43.45525	3.941e-17
43.48447	3.939e-17
43.51438	3.921e-17
43.54420	3.943e-17
43.57391	3.950e-17
43.60283	3.963e-17
43.63285	3.966e-17
43.66206	3.982e-17
43.69188	3.978e-17
43.72118	3.986e-17
43.75069	3.989e-17
43.78082	4.020e-17
43.80983	4.011e-17
43.83994	4.011e-17
43.86896	4.024e-17
43.89787	4.020e-17
43.92818	4.027e-17
43.95699	4.034e-17
43.98711	4.039e-17
44.01553	4.050e-17
44.04624	4.060e-17
44.07516	4.057e-17
44.10407	4.060e-17
44.13338	4.055e-17
44.16410	4.069e-17
44.19321	4.080e-17
44.22202	4.094e-17
44.25134	4.099e-17
44.28205	4.103e-17
44.31097	4.123e-17
44.33908	4.129e-17
44.36989	4.133e-17
44.39930	4.134e-17
44.42793	4.144e-17
44.45694	4.141e-17
44.48586	4.146e-17
44.51486	4.152e-17
44.54398	4.155e-17
44.57369	4.168e-17
44.60281	4.173e-17
44.63192	4.173e-17
44.66113	4.174e-17
44.69145	4.184e-17
44.72077	4.199e-17
44.75068	4.207e-17
44.78079	4.212e-17
44.81110	4.225e-17
44.84112	4.228e-17
44.87023	4.227e-17
44.89945	4.227e-17
44.92857	4.247e-17
44.95759	4.247e-17
44.98850	4.261e-17
45.01781	4.262e-17
45.04682	4.263e-17
45.07584	4.275e-17
45.10534	4.282e-17
45.13447	4.298e-17
45.16477	4.295e-17
45.19459	4.302e-17
45.22382	4.303e-17
45.25252	4.306e-17
45.28194	4.315e-17
45.31145	4.325e-17
45.34177	4.324e-17
45.37109	4.329e-17
45.40030	4.336e-17
45.42991	4.342e-17
45.45882	4.341e-17
45.48824	4.343e-17
45.51755	4.351e-17
45.54717	4.367e-17
45.57638	4.373e-17
45.60629	4.377e-17
45.63531	4.385e-17
45.66473	4.392e-17
45.69354	4.400e-17
45.72274	4.419e-17
45.75176	4.432e-17
45.78118	4.410e-17
45.81000	4.470e-17
45.83881	4.455e-17
45.86823	4.442e-17
45.89744	4.447e-17
45.92744	4.445e-17
45.95676	4.459e-17
45.98618	4.470e-17
46.01509	4.477e-17
46.04442	4.488e-17
46.07453	4.481e-17
46.10443	4.491e-17
46.13356	4.497e-17
46.16247	4.502e-17
46.19287	4.510e-17
46.22179	4.516e-17
46.25070	4.521e-17
46.28062	4.526e-17
46.31003	4.545e-17
46.33935	4.553e-17
46.36917	4.556e-17
46.39827	4.555e-17
46.42739	4.557e-17
46.45660	4.573e-17
46.48653	4.564e-17
46.51604	4.584e-17
46.54544	4.590e-17
46.57527	4.594e-17
46.60407	4.604e-17
46.63370	4.614e-17
46.66301	4.622e-17
46.69332	4.618e-17
46.72214	4.620e-17
46.75135	4.632e-17
46.78086	4.641e-17
46.81048	4.650e-17
46.84000	4.657e-17
46.86930	4.666e-17
46.89841	4.672e-17
46.92873	4.674e-17
46.95795	4.685e-17
46.98807	4.690e-17
47.01757	4.698e-17
47.04758	4.706e-17
47.07751	4.716e-17
47.10682	4.715e-17
47.13644	4.730e-17
47.16555	4.739e-17
47.19436	4.741e-17
47.22399	4.751e-17
47.25359	4.746e-17
47.28381	4.756e-17
47.31413	4.765e-17
47.34323	4.773e-17
47.37245	4.784e-17
47.40246	4.782e-17
47.43167	4.796e-17
47.46100	4.802e-17
47.48981	4.808e-17
47.51982	4.819e-17
47.54933	4.824e-17
47.57905	4.824e-17
47.60776	4.835e-17
47.63748	4.851e-17
47.66689	4.847e-17
47.69590	4.848e-17
47.72543	4.861e-17
47.75484	4.865e-17
47.78495	4.887e-17
47.81395	4.896e-17
47.84418	4.902e-17
47.87359	4.907e-17
47.90270	4.914e-17
47.93131	4.919e-17
47.96204	4.924e-17
47.99114	4.945e-17
48.01996	4.942e-17
48.04928	4.952e-17
48.07949	4.959e-17
48.10911	4.967e-17
48.13803	4.972e-17
48.16713	4.975e-17
48.19654	4.984e-17
48.22616	4.991e-17
48.25578	5.003e-17
48.28610	5.011e-17
48.31451	5.020e-17
48.34373	5.031e-17
48.37294	5.042e-17
48.40265	5.050e-17
48.43326	5.057e-17
48.46189	5.064e-17
48.49149	5.071e-17
48.52060	5.077e-17
48.54961	5.083e-17
48.57864	5.096e-17
48.60904	5.100e-17
48.63846	5.108e-17
48.66848	5.119e-17
48.69728	5.124e-17
48.72729	5.137e-17
48.75642	5.145e-17
48.78554	5.151e-17
48.81426	5.160e-17
48.84397	5.171e-17
48.87368	5.174e-17
48.90388	5.179e-17
48.93361	5.184e-17
48.96252	5.191e-17
48.99173	5.205e-17
49.02085	5.207e-17
49.05106	5.223e-17
49.07997	5.231e-17
49.10939	5.234e-17
49.13930	5.247e-17
49.16883	5.260e-17
49.19784	5.260e-17
49.22675	5.268e-17
49.25616	5.272e-17
49.28577	5.284e-17
49.31439	5.293e-17
49.34390	5.298e-17
49.37381	5.306e-17
49.40293	5.318e-17
49.43245	5.326e-17
49.46267	5.333e-17
49.49219	5.341e-17
49.52259	5.347e-17
49.55190	5.360e-17
49.58042	5.369e-17
49.61093	5.373e-17
49.64005	5.374e-17
49.66896	5.398e-17
49.69817	5.402e-17
49.72839	5.412e-17
49.75501	5.419e-17
49.78372	5.420e-17
49.81442	5.433e-17
49.84334	5.439e-17
49.87285	5.447e-17
49.90278	5.454e-17
49.93138	5.466e-17
49.96049	5.477e-17
49.99051	5.483e-17
50.02054	5.490e-17
50.05004	5.491e-17
50.07905	5.502e-17
50.10848	5.520e-17
50.13770	5.526e-17
50.16689	5.532e-17
50.19642	5.539e-17
50.22544	5.543e-17
50.25514	5.551e-17
50.28565	5.560e-17
50.31477	5.570e-17
50.34340	5.584e-17
50.37310	5.597e-17
50.40260	5.598e-17
50.43244	5.601e-17
50.46115	5.610e-17
50.49115	5.616e-17
50.52167	5.626e-17
50.54999	5.627e-17
50.57869	5.642e-17
50.60921	5.646e-17
50.63974	5.656e-17
50.66755	5.666e-17
50.69645	5.677e-17
50.72638	5.687e-17
50.75689	5.696e-17
50.78550	5.706e-17
50.81472	5.707e-17
50.84452	5.719e-17
50.87414	5.730e-17
50.90355	5.733e-17
50.93316	5.741e-17
50.96239	5.749e-17
50.99220	5.754e-17
51.02212	5.762e-17
51.05273	5.776e-17
51.08253	5.781e-17
51.11176	5.792e-17
51.14058	5.804e-17
51.16988	5.806e-17
51.19980	5.810e-17
51.22912	5.825e-17
51.25833	5.831e-17
51.28814	5.841e-17
51.31746	5.848e-17
51.34706	5.858e-17
51.37659	5.864e-17
51.40610	5.876e-17
51.43540	5.885e-17
51.46523	5.888e-17
51.49434	5.894e-17
51.52376	5.904e-17
51.55337	5.916e-17
51.58308	5.924e-17
51.61230	5.932e-17
51.64251	5.939e-17
51.67113	5.944e-17
51.70084	5.953e-17
51.73016	5.958e-17
51.75927	5.963e-17
51.78988	5.974e-17
51.81861	5.983e-17
51.84752	5.989e-17
51.87713	6.000e-17
51.90684	6.007e-17
51.93665	6.016e-17
51.96527	6.021e-17
51.99598	6.032e-17
52.02430	6.042e-17
52.05381	6.040e-17
52.08453	6.053e-17
52.11365	6.060e-17
52.14286	6.071e-17
52.17156	6.078e-17
52.20148	6.081e-17
52.23119	6.092e-17
52.25952	6.103e-17
52.28932	6.113e-17
52.31964	6.117e-17
52.34856	6.124e-17
52.37806	6.128e-17
52.40668	6.133e-17
52.43650	6.150e-17
52.46572	6.153e-17
52.49493	6.160e-17
52.52464	6.172e-17
52.55456	6.176e-17
52.58356	6.184e-17
52.61409	6.194e-17
52.64349	6.208e-17
52.67272	6.212e-17
52.70153	6.219e-17
52.73083	6.227e-17
52.76135	6.235e-17
52.79037	6.244e-17
52.81918	6.253e-17
52.84989	6.255e-17
52.87890	6.267e-17
52.90733	6.274e-17
52.93785	6.282e-17
52.96755	6.293e-17
52.99707	6.299e-17
53.02517	6.303e-17
53.05569	6.318e-17
53.08482	6.328e-17
53.11333	6.333e-17
53.14293	6.344e-17
53.17365	6.348e-17
53.20256	6.357e-17
53.23198	6.363e-17
53.26130	6.374e-17
53.28991	6.382e-17
53.31961	6.392e-17
53.35013	6.400e-17
53.37955	6.409e-17
53.40878	6.420e-17
53.43787	6.429e-17
53.46700	6.437e-17
53.49651	6.451e-17
53.52572	6.454e-17
53.55645	6.463e-17
53.58525	6.470e-17
53.61368	6.480e-17
53.64358	6.485e-17
53.67361	6.498e-17
53.70041	6.508e-17
53.72934	6.516e-17
53.76014	6.528e-17
53.78945	6.536e-17
53.81878	6.543e-17
53.84758	6.553e-17
53.87650	6.563e-17
53.90632	6.567e-17
53.93652	6.573e-17
53.96603	6.562e-17
53.99456	6.597e-17
54.02376	6.606e-17
54.05388	6.615e-17
54.08310	6.624e-17
54.11241	6.637e-17
54.14153	6.643e-17
54.17093	6.653e-17
54.20056	6.661e-17
54.22988	6.673e-17
54.25948	6.681e-17
54.28929	6.687e-17
54.31891	6.698e-17
54.34793	6.708e-17
54.37703	6.719e-17
54.40696	6.730e-17
54.43655	6.737e-17
54.46649	6.740e-17
54.49570	6.754e-17
54.52441	6.759e-17
54.55531	6.770e-17
54.58404	6.777e-17
54.61335	6.789e-17
54.64346	6.799e-17
54.67368	6.806e-17
54.70158	6.819e-17
54.73051	6.824e-17
54.76041	6.831e-17
54.79003	6.840e-17
54.81896	6.851e-17
54.84816	6.858e-17
54.87768	6.871e-17
54.90779	6.876e-17
54.93771	6.886e-17
54.96743	6.899e-17
54.99713	6.904e-17
55.02544	6.915e-17
55.05447	6.922e-17
55.08539	6.930e-17
55.11440	6.940e-17
55.14340	6.951e-17
55.17322	6.958e-17
55.20235	6.962e-17
55.23216	6.969e-17
55.26226	6.979e-17
55.29189	6.988e-17
55.32149	6.996e-17
55.35031	7.004e-17
55.38003	7.010e-17
55.40943	7.023e-17
55.43884	7.036e-17
55.46885	7.043e-17
55.49857	7.053e-17
55.52830	7.057e-17
55.55831	7.066e-17
55.58663	7.077e-17
55.61563	7.083e-17
55.64456	7.093e-17
55.67437	7.103e-17
55.70469	7.107e-17
55.73529	7.117e-17
55.76462	7.124e-17
55.79312	7.132e-17
55.82254	7.141e-17
55.85256	7.147e-17
55.88207	7.155e-17
55.91110	7.162e-17
55.93998	7.169e-17
55.96910	7.178e-17
55.99883	7.188e-17
56.02854	7.194e-17
56.05904	7.198e-17
56.08835	7.205e-17
56.11689	7.212e-17
56.14731	7.222e-17
56.17570	7.230e-17
56.20582	7.238e-17
56.23494	7.246e-17
56.26525	7.253e-17
56.29346	7.257e-17
56.32307	7.266e-17
56.35300	7.273e-17
56.38201	7.283e-17
56.41153	7.284e-17
56.44094	7.294e-17
56.47035	7.301e-17
56.49896	7.309e-17
56.52887	7.319e-17
56.55819	7.329e-17
56.58821	7.331e-17
56.61751	7.333e-17
56.64804	7.343e-17
56.67725	7.351e-17
56.70615	7.360e-17
56.73537	7.368e-17
56.76459	7.373e-17
56.79470	7.380e-17
56.82443	7.391e-17
56.85354	7.394e-17
56.88296	7.402e-17
56.91147	7.410e-17
56.94148	7.411e-17
56.97131	7.421e-17
57.00061	7.427e-17
57.02972	7.431e-17
57.05953	7.443e-17
57.08825	7.447e-17
57.11797	7.454e-17
57.14709	7.458e-17
57.17660	7.468e-17
57.20710	7.473e-17
57.23612	7.482e-17
57.26523	7.488e-17
57.29566	7.492e-17
57.32467	7.505e-17
57.35368	7.511e-17
57.38298	7.513e-17
57.41352	7.518e-17
57.44222	7.527e-17
57.47183	7.528e-17
57.50045	7.534e-17
57.52935	7.545e-17
57.55808	7.546e-17
57.58749	7.552e-17
57.61672	7.561e-17
57.64584	7.567e-17
57.67493	7.571e-17
57.70424	7.581e-17
57.73377	7.585e-17
57.76339	7.594e-17
57.79290	7.597e-17
57.82241	7.599e-17
57.85182	7.606e-17
57.88174	7.616e-17
57.91113	7.623e-17
57.93985	7.630e-17
57.96918	7.637e-17
57.99918	7.644e-17
58.02890	7.652e-17
58.05833	7.658e-17
58.08752	7.661e-17
58.11733	7.669e-17
58.14696	7.673e-17
58.17686	7.677e-17
58.20559	7.683e-17
58.23441	7.692e-17
58.26353	7.697e-17
58.29333	7.705e-17
58.32253	7.707e-17
58.35245	7.717e-17
58.38177	7.720e-17
58.41098	7.729e-17
58.44041	7.730e-17
58.47021	7.737e-17
58.49973	7.746e-17
58.52914	7.752e-17
58.55896	7.752e-17
58.58819	7.768e-17
58.61738	7.767e-17
58.64691	7.773e-17
58.67591	7.777e-17
58.70564	7.786e-17
58.73554	7.792e-17
58.76435	7.796e-17
58.79378	7.804e-17
58.82410	7.808e-17
58.85291	7.817e-17
58.88243	7.819e-17
58.91273	7.829e-17
58.94256	7.830e-17
58.97236	7.839e-17
59.00138	7.847e-17
59.03110	7.847e-17
59.06119	7.857e-17
59.09063	7.858e-17
59.11954	7.868e-17
59.14955	7.870e-17
59.17866	7.878e-17
59.20768	7.884e-17
59.23727	7.891e-17
59.26791	7.894e-17
59.29682	7.903e-17
59.32613	7.908e-17
59.35584	7.912e-17
59.38435	7.916e-17
59.41446	7.926e-17
59.44397	7.931e-17
59.47360	7.933e-17
59.50311	7.939e-17
59.53323	7.945e-17
59.56194	7.948e-17
59.59146	7.955e-17
59.62066	7.961e-17
59.65049	7.967e-17
59.67981	7.977e-17
59.70993	7.981e-17
59.73864	7.984e-17
59.76824	7.992e-17
59.79727	7.999e-17
59.82737	7.998e-17
59.85639	8.008e-17
59.88600	8.013e-17
59.91462	8.019e-17
59.94373	8.021e-17
59.97403	8.028e-17
60.00457	8.034e-17
60.03266	8.040e-17
60.06288	8.043e-17
60.09199	8.053e-17
60.12142	8.055e-17
60.15135	8.061e-17
60.18125	8.065e-17
60.20965	8.065e-17
60.23896	8.074e-17
60.26939	8.083e-17
60.29870	8.088e-17
60.32792	8.093e-17
60.35732	8.100e-17
60.38645	8.105e-17
60.41547	8.106e-17
60.44527	8.115e-17
60.47479	8.118e-17
60.50510	8.123e-17
60.53242	8.129e-17
60.56302	8.134e-17
60.59315	8.140e-17
60.62195	8.148e-17
60.65179	8.154e-17
60.68159	8.159e-17
60.70991	8.163e-17
60.73932	8.170e-17
60.76984	8.174e-17
60.79925	8.177e-17
60.82845	8.183e-17
60.85726	8.190e-17
60.88820	8.195e-17
60.91650	8.200e-17
60.94572	8.204e-17
60.97522	8.211e-17
61.00534	8.215e-17
61.03405	8.217e-17
61.06468	8.228e-17
61.09338	8.233e-17
61.12281	8.235e-17
61.15211	8.239e-17
61.18114	8.246e-17
61.21144	8.252e-17
61.24016	8.256e-17
61.26906	8.265e-17
61.29890	8.270e-17
61.32901	8.269e-17
61.35760	8.274e-17
61.38722	8.278e-17
61.41714	8.286e-17
61.44645	8.293e-17
61.47518	8.296e-17
61.50309	8.299e-17
61.53251	8.307e-17
61.56181	8.317e-17
61.59083	8.307e-17
61.62044	8.314e-17
61.65006	8.323e-17
61.67966	8.334e-17
61.70849	8.336e-17
61.73820	8.343e-17
61.76893	8.347e-17
61.79753	8.357e-17
61.82665	8.357e-17
61.85645	8.365e-17
61.88516	8.371e-17
61.91480	8.373e-17
61.94490	8.386e-17
61.97410	8.385e-17
62.00372	8.391e-17
62.03285	8.395e-17
62.06235	8.402e-17
62.09176	8.406e-17
62.12097	8.412e-17
62.15111	8.418e-17
62.18022	8.421e-17
62.20924	8.423e-17
62.23853	8.432e-17
62.26804	8.436e-17
62.29786	8.443e-17
62.32698	8.448e-17
62.35660	8.452e-17
62.38641	8.459e-17
62.41543	8.463e-17
62.44473	8.469e-17
62.47475	8.472e-17
62.50379	8.483e-17
62.53288	8.486e-17
62.56239	8.491e-17
62.59211	8.495e-17
62.62192	8.500e-17
62.65084	8.498e-17
62.68045	8.511e-17
62.71016	8.514e-17
62.73920	8.521e-17
62.76861	8.524e-17
62.79783	8.530e-17
62.82713	8.532e-17
62.85714	8.543e-17
62.88717	8.548e-17
62.91666	8.555e-17
62.94528	8.557e-17
62.97540	8.563e-17
63.00471	8.566e-17
63.03421	8.574e-17
63.06342	8.575e-17
63.09285	8.579e-17
63.12227	8.586e-17
63.15150	8.592e-17
63.18181	8.600e-17
63.21090	8.606e-17
63.24072	8.610e-17
63.26974	8.613e-17
63.29955	8.619e-17
63.32907	8.618e-17
63.35878	8.634e-17
63.38848	8.635e-17
63.41841	8.643e-17
63.44791	8.648e-17
63.47724	8.651e-17
63.50615	8.658e-17
63.53566	8.664e-17
63.56560	8.672e-17
63.59468	8.672e-17
63.62412	8.680e-17
63.65414	8.685e-17
63.68425	8.686e-17
63.71367	8.699e-17
63.74306	8.703e-17
63.77207	8.706e-17
63.80239	8.710e-17
63.83150	8.712e-17
63.86023	8.717e-17
63.89024	8.725e-17
63.91966	8.730e-17
63.94966	8.735e-17
63.97867	8.737e-17
64.00800	8.744e-17
64.03692	8.748e-17
64.06641	8.756e-17
64.09694	8.758e-17
64.12575	8.784e-17
64.15585	8.769e-17
64.18448	8.775e-17
64.21490	8.778e-17
64.24401	8.783e-17
64.27232	8.789e-17
64.30285	8.792e-17
64.33255	8.803e-17
64.36077	8.805e-17
64.39038	8.810e-17
64.41999	8.816e-17
64.45013	8.820e-17
64.47882	8.825e-17
64.50834	8.833e-17
64.53846	8.834e-17
64.56716	8.840e-17
64.59677	8.844e-17
64.62731	8.846e-17
64.65612	8.853e-17
64.68544	8.857e-17
64.71424	8.865e-17
64.74435	8.867e-17
64.77296	8.872e-17
64.80269	8.878e-17
64.83200	8.885e-17
64.86262	8.887e-17
64.89111	8.888e-17
64.92114	8.898e-17
64.94964	8.903e-17
64.98018	8.903e-17
65.00948	8.912e-17
65.03860	8.914e-17
65.06772	8.920e-17
65.09682	8.925e-17
65.12743	8.934e-17
65.15594	8.938e-17
65.18646	8.930e-17
65.21598	8.946e-17
65.24550	8.951e-17
65.27360	8.955e-17
65.30423	8.961e-17
65.33283	8.965e-17
65.36255	8.971e-17
65.39227	8.976e-17
65.42070	8.981e-17
65.45081	8.985e-17
65.48019	8.985e-17
65.50912	8.993e-17
65.53675	9.000e-17
65.56576	8.999e-17
65.59556	9.004e-17
65.62486	9.006e-17
65.65520	9.013e-17
65.68462	9.014e-17
65.71422	9.018e-17
65.74272	9.022e-17
65.77205	9.021e-17
65.80158	9.022e-17
65.83149	9.023e-17
65.86030	9.027e-17
65.88960	9.031e-17
65.91973	9.045e-17
65.94855	9.037e-17
65.97785	9.040e-17
66.00778	9.048e-17
66.03678	9.052e-17
66.06620	9.053e-17
66.09589	9.059e-17
66.12501	9.062e-17
66.15443	9.067e-17
66.18445	9.072e-17
66.21347	9.072e-17
66.24319	9.077e-17
66.27258	9.079e-17
66.30149	9.083e-17
66.33133	9.080e-17
66.36044	9.090e-17
66.39004	9.093e-17
66.41966	9.096e-17
66.44896	9.099e-17
66.47828	9.107e-17
66.50802	9.110e-17
66.53761	9.116e-17
66.56684	9.120e-17
66.59655	9.124e-17
66.62607	9.128e-17
66.65519	9.126e-17
66.68459	9.129e-17
66.71419	9.132e-17
66.74382	9.137e-17
66.77283	9.136e-17
66.80273	9.129e-17
66.83179	9.136e-17
66.86148	9.137e-17
66.89088	9.136e-17
66.92009	9.137e-17
66.94943	9.140e-17
66.97953	9.137e-17
67.00914	9.136e-17
67.03888	9.135e-17
67.06927	9.135e-17
67.09878	9.137e-17
67.12872	9.139e-17
67.15941	9.140e-17
67.18812	9.140e-17
67.21734	9.141e-17
67.24698	9.141e-17
67.27639	9.150e-17
67.30509	9.151e-17
67.33510	9.153e-17
67.36441	9.161e-17
67.39374	9.165e-17
67.42155	9.165e-17
67.45115	9.171e-17
67.48038	9.176e-17
67.50959	9.181e-17
67.53871	9.187e-17
67.56761	9.193e-17
67.59815	9.196e-17
67.62676	9.202e-17
67.65665	9.210e-17
67.68727	9.213e-17
67.71747	9.215e-17
67.74681	9.218e-17
67.77603	9.219e-17
67.80565	9.224e-17
67.83555	9.223e-17
67.86448	9.229e-17
67.89417	9.228e-17
67.92430	9.229e-17
67.95382	9.225e-17
67.98281	9.225e-17
68.01294	9.222e-17
68.04183	9.224e-17
68.07086	9.222e-17
68.10107	9.220e-17
68.12958	9.218e-17
68.15970	9.219e-17
68.18871	9.216e-17
68.21835	9.214e-17
68.24865	9.211e-17
68.27718	9.209e-17
68.30648	9.208e-17
68.33589	9.206e-17
68.36652	9.207e-17
68.39481	9.205e-17
68.42485	9.205e-17
68.45455	9.206e-17
68.48317	9.209e-17
68.51257	9.205e-17
68.54219	9.207e-17
68.57210	9.210e-17
68.60090	9.210e-17
68.62934	9.204e-17
68.65876	9.211e-17
68.68835	9.209e-17
68.71846	9.206e-17
68.74799	9.208e-17
68.77831	9.209e-17
68.80683	9.215e-17
68.83754	9.212e-17
68.86645	9.215e-17
68.89515	9.219e-17
68.92598	9.219e-17
68.95488	9.220e-17
68.98339	9.223e-17
69.01411	9.226e-17
69.04243	9.227e-17
69.07313	9.228e-17
69.10208	9.238e-17
69.13086	9.242e-17
69.16128	9.247e-17
69.19019	9.245e-17
69.21982	9.250e-17
69.24874	9.250e-17
69.27853	9.249e-17
69.30754	9.250e-17
69.33816	9.253e-17
69.36679	9.252e-17
69.39529	9.255e-17
69.42400	9.257e-17
69.45255	9.262e-17
69.48174	9.264e-17
69.51135	9.269e-17
69.54039	9.273e-17
69.57020	9.278e-17
69.59981	9.283e-17
69.62900	9.289e-17
69.65893	9.295e-17
69.68845	9.301e-17
69.71776	9.304e-17
69.74789	9.314e-17
69.77697	9.317e-17
69.80608	9.323e-17
69.83581	9.328e-17
69.86434	9.331e-17
69.89364	9.338e-17
69.92344	9.343e-17
69.95327	9.344e-17
69.98229	9.353e-17
70.01189	9.350e-17
70.04143	9.358e-17
70.07072	9.360e-17
70.09984	9.363e-17
70.12966	9.368e-17
70.15899	9.373e-17
70.18858	9.378e-17
70.21811	9.381e-17
70.24743	9.382e-17
70.27654	9.387e-17
70.30603	9.384e-17
70.33638	9.384e-17
70.36488	9.388e-17
70.39469	9.386e-17
70.42399	9.385e-17
70.45301	9.374e-17
70.48305	9.373e-17
70.51195	9.364e-17
70.54204	9.359e-17
70.57187	9.352e-17
70.60056	9.346e-17
70.63020	9.344e-17
70.65983	9.335e-17
70.68924	9.327e-17
70.71855	9.320e-17
70.74785	9.311e-17
70.77729	9.304e-17
70.80700	9.298e-17
70.83649	9.293e-17
70.86580	9.282e-17
70.89555	9.276e-17
70.92483	9.269e-17
70.95377	9.265e-17
70.98358	9.261e-17
71.01347	9.252e-17
71.04281	9.246e-17
71.07200	9.242e-17
71.10204	9.240e-17
71.13125	9.234e-17
71.16036	9.225e-17
71.19060	9.222e-17
71.22020	9.211e-17
71.24971	9.204e-17
71.28039	9.206e-17
71.31012	9.201e-17
71.33982	9.196e-17
71.36865	9.193e-17
71.39779	9.184e-17
71.42749	9.180e-17
71.45692	9.177e-17
71.48663	9.166e-17
71.51574	9.165e-17
71.54582	9.160e-17
71.57535	9.158e-17
71.60458	9.153e-17
71.63441	9.151e-17
71.66401	9.147e-17
71.69343	9.139e-17
71.72242	9.139e-17
71.75185	9.134e-17
71.78076	9.129e-17
71.81049	9.128e-17
71.83958	9.126e-17
71.86960	9.123e-17
71.89923	9.116e-17
71.92835	9.115e-17
71.95832	9.114e-17
71.98673	9.113e-17
72.01675	9.107e-17
72.04580	9.102e-17
72.07599	9.097e-17
72.10492	9.095e-17
72.13512	9.089e-17
72.16355	9.093e-17
72.19363	9.092e-17
72.22256	9.085e-17
72.25177	9.084e-17
72.28130	9.084e-17
72.31102	9.079e-17
72.34131	9.080e-17
72.36952	9.077e-17
72.39906	9.070e-17
72.42828	9.068e-17
72.45787	9.063e-17
72.48791	9.063e-17
72.51792	9.060e-17
72.54674	9.061e-17
72.57566	9.049e-17
72.60634	9.051e-17
72.63535	9.046e-17
72.66447	9.044e-17
72.69361	9.042e-17
72.72380	9.044e-17
72.75235	9.040e-17
72.78276	9.031e-17
72.81156	9.030e-17
72.84048	9.028e-17
72.87079	9.031e-17
72.90001	9.023e-17
72.92960	9.021e-17
72.95831	9.015e-17
72.98876	9.009e-17
73.01743	9.010e-17
73.04746	9.013e-17
73.07669	9.011e-17
73.10569	9.002e-17
73.13623	9.000e-17
73.16514	8.996e-17
73.19382	9.000e-17
73.22348	8.998e-17
73.25359	8.998e-17
73.28229	8.995e-17
73.31219	8.994e-17
73.34142	8.986e-17
73.37033	8.990e-17
73.39904	8.989e-17
73.42764	8.995e-17
73.45687	8.989e-17
73.48687	8.989e-17
73.51567	8.990e-17
73.54489	8.982e-17
73.57474	8.982e-17
73.60423	8.983e-17
73.63334	8.983e-17
73.66335	8.980e-17
73.69317	8.979e-17
73.72209	8.980e-17
73.75090	8.979e-17
73.78061	8.980e-17
73.81043	8.979e-17
73.83896	8.975e-17
73.86905	8.973e-17
73.89860	8.968e-17
73.92781	8.964e-17
73.95731	8.962e-17
73.98622	8.964e-17
74.01572	8.970e-17
74.04516	8.966e-17
74.07507	8.962e-17
74.10429	8.962e-17
74.13411	8.964e-17
74.16369	8.960e-17
74.19311	8.959e-17
74.22265	8.957e-17
74.25176	8.956e-17
74.28095	8.958e-17
74.30997	8.955e-17
74.34009	8.954e-17
74.36952	8.961e-17
74.39942	8.957e-17
74.42854	8.954e-17
74.45827	8.950e-17
74.48717	8.949e-17
74.51617	8.946e-17
74.54651	8.939e-17
74.57543	8.942e-17
74.60522	8.943e-17
74.63442	8.940e-17
74.66354	8.939e-17
74.69399	8.937e-17
74.72307	8.943e-17
74.75200	8.942e-17
74.78180	8.945e-17
74.81131	8.948e-17
74.84093	8.954e-17
74.86977	8.963e-17
74.90007	8.962e-17
74.92927	8.973e-17
74.95898	8.970e-17
74.98841	8.967e-17
75.01772	8.965e-17
75.04673	8.960e-17
75.07636	8.958e-17
75.10629	8.951e-17
75.13569	8.946e-17
75.16498	8.938e-17
75.19343	8.937e-17
75.22363	8.929e-17
75.25344	8.928e-17
75.28374	8.929e-17
75.31328	8.930e-17
75.34220	8.929e-17
75.37037	8.939e-17
75.39971	8.949e-17
75.42961	8.960e-17
75.45936	8.966e-17
75.48877	8.974e-17
75.51829	8.979e-17
75.54806	8.983e-17
75.57679	8.984e-17
75.60721	8.982e-17
75.63724	8.980e-17
75.66724	8.982e-17
75.69695	8.979e-17
75.72645	8.973e-17
75.75569	8.960e-17
75.78597	8.954e-17
75.81461	8.938e-17
75.84443	8.935e-17
75.87381	8.926e-17
75.90326	8.921e-17
75.93227	8.921e-17
75.96209	8.921e-17
75.99128	8.932e-17
76.02119	8.944e-17
76.05043	8.951e-17
76.08025	8.958e-17
76.10907	8.969e-17
76.13889	8.982e-17
76.16789	8.985e-17
76.19771	8.989e-17
76.22759	8.995e-17
76.25643	8.995e-17
76.28632	9.000e-17
76.31505	8.995e-17
76.34466	8.999e-17
76.37410	8.993e-17
76.40441	8.976e-17
76.43342	8.969e-17
76.46331	8.961e-17
76.49204	8.951e-17
76.52206	8.944e-17
76.55145	8.943e-17
76.58119	8.939e-17
76.61020	8.938e-17
76.63890	8.944e-17
76.66913	8.948e-17
76.69764	8.957e-17
76.72754	8.963e-17
76.75675	8.970e-17
76.78718	8.971e-17
76.81610	8.982e-17
76.84510	8.988e-17
76.87445	8.991e-17
76.90472	8.990e-17
76.93326	8.995e-17
76.96287	8.994e-17
76.99317	8.994e-17
77.02211	8.992e-17
77.05150	8.984e-17
77.08053	8.978e-17
77.11044	8.979e-17
77.13947	8.975e-17
77.16967	8.977e-17
77.19878	8.977e-17
77.22740	8.973e-17
77.25598	8.976e-17
77.28463	8.983e-17
77.31413	8.988e-17
77.34345	8.992e-17
77.37256	8.994e-17
77.40197	8.996e-17
77.43189	9.002e-17
77.46121	9.002e-17
77.49084	9.004e-17
77.51943	9.011e-17
77.54954	9.009e-17
77.57904	9.008e-17
77.60788	9.002e-17
77.63831	8.991e-17
77.66758	8.984e-17
77.69620	8.978e-17
77.72616	8.974e-17
77.75604	8.977e-17
77.78506	8.983e-17
77.81406	8.985e-17
77.84401	8.990e-17
77.87369	8.996e-17
77.90334	9.003e-17
77.93262	9.010e-17
77.96173	9.018e-17
77.99165	9.027e-17
78.02051	9.040e-17
78.05052	9.048e-17
78.07952	9.057e-17
78.10932	9.055e-17
78.13822	9.058e-17
78.16714	9.055e-17
78.19756	9.048e-17
78.22647	9.042e-17
78.25570	9.026e-17
78.28549	9.020e-17
78.31462	9.012e-17
78.34466	9.009e-17
78.37383	8.996e-17
78.40277	8.990e-17
78.43268	8.984e-17
78.46211	8.982e-17
78.49201	8.988e-17
78.52134	8.996e-17
78.55035	9.002e-17
78.58007	9.007e-17
78.60916	9.015e-17
78.63918	9.029e-17
78.66877	9.040e-17
78.69823	9.055e-17
78.72761	9.066e-17
78.75672	9.068e-17
78.78634	9.079e-17
78.81584	9.081e-17
78.84486	9.087e-17
78.87481	9.083e-17
78.90392	9.070e-17
78.93401	9.059e-17
78.96232	9.046e-17
78.99265	9.035e-17
79.02185	9.025e-17
79.05138	9.014e-17
79.08017	9.021e-17
79.10979	9.020e-17
79.13983	9.021e-17
79.16904	9.019e-17
79.19903	9.019e-17
79.22853	9.021e-17
79.25806	9.021e-17
79.28731	9.025e-17
79.31637	9.027e-17
79.34662	9.034e-17
79.37583	9.039e-17
79.40547	9.051e-17
79.43467	9.055e-17
79.46527	9.056e-17
79.49467	9.062e-17
79.52399	9.064e-17
79.55491	9.058e-17
79.58392	9.053e-17
79.61284	9.042e-17
79.64204	9.035e-17
79.67259	9.026e-17
79.70179	9.015e-17
79.73039	9.012e-17
79.76003	9.011e-17
79.78991	9.012e-17
79.81893	9.014e-17
79.84916	9.012e-17
79.87755	9.019e-17
79.90757	9.019e-17
79.93667	9.028e-17
79.96663	9.033e-17
79.99532	9.042e-17
80.02516	9.057e-17
80.05554	9.065e-17
80.08429	9.065e-17
80.11467	9.073e-17
80.14268	9.077e-17
80.17222	9.079e-17
80.20194	9.080e-17
80.23204	9.078e-17
80.26045	9.077e-17
80.29008	9.070e-17
80.31947	9.063e-17
80.34898	9.054e-17
80.37914	9.047e-17
80.40791	9.045e-17
80.43822	9.033e-17
80.46678	9.031e-17
80.49708	9.030e-17
80.52620	9.035e-17
80.55550	9.034e-17
80.58430	9.040e-17
80.61395	9.054e-17
80.64436	9.067e-17
80.67354	9.073e-17
80.70289	9.079e-17
80.73148	9.088e-17
80.76109	9.100e-17
80.79129	9.116e-17
80.82005	9.138e-17
80.85014	9.147e-17
80.87878	9.166e-17
80.90886	9.178e-17
80.93786	9.182e-17
80.96841	9.191e-17
80.99740	9.192e-17
81.02625	9.194e-17
81.05655	9.192e-17
81.08533	9.192e-17
81.11435	9.185e-17
81.14477	9.180e-17
81.17378	9.176e-17
81.20254	9.179e-17
81.23164	9.176e-17
81.26066	9.178e-17
81.28937	9.177e-17
81.31838	9.176e-17
81.34831	9.178e-17
81.37751	9.185e-17
81.40701	9.190e-17
81.43626	9.195e-17
81.46483	9.197e-17
81.49498	9.203e-17
81.52429	9.211e-17
81.55389	9.220e-17
81.58341	9.226e-17
81.61273	9.236e-17
81.64245	9.242e-17
81.67192	9.251e-17
81.70098	9.252e-17
81.73098	9.251e-17
81.75987	9.251e-17
81.78980	9.251e-17
81.81830	9.248e-17
81.84844	9.245e-17
81.87736	9.239e-17
81.90754	9.234e-17
81.93666	9.231e-17
81.96559	9.229e-17
81.99551	9.227e-17
82.02453	9.223e-17
82.05444	9.239e-17
82.08334	9.244e-17
82.11346	9.246e-17
82.14289	9.251e-17
82.17261	9.256e-17
82.20187	9.272e-17
82.23098	9.281e-17
82.26050	9.295e-17
82.28993	9.313e-17
82.31938	9.325e-17
82.34835	9.336e-17
82.37806	9.341e-17
82.40697	9.358e-17
82.43673	9.360e-17
82.46683	9.365e-17
82.49624	9.367e-17
82.52534	9.364e-17
82.55518	9.350e-17
82.58449	9.335e-17
82.61371	9.329e-17
82.64334	9.318e-17
82.67232	9.299e-17
82.70254	9.291e-17
82.73135	9.275e-17
82.76156	9.267e-17
82.79090	9.262e-17
82.82060	9.260e-17
82.84993	9.258e-17
82.87934	9.256e-17
82.90783	9.257e-17
82.93766	9.269e-17
82.96658	9.272e-17
82.99668	9.275e-17
83.02569	9.285e-17
83.05539	9.291e-17
83.08433	9.299e-17
83.11435	9.314e-17
83.14445	9.318e-17
83.17429	9.324e-17
83.20427	9.311e-17
83.23309	9.314e-17
83.26221	9.316e-17
83.29219	9.313e-17
83.32124	9.297e-17
83.35104	9.288e-17
83.38019	9.287e-17
83.41059	9.271e-17
83.43978	9.261e-17
83.46899	9.251e-17
83.49845	9.249e-17
83.52776	9.245e-17
83.55844	9.253e-17
83.58756	9.252e-17
83.61806	9.255e-17
83.64700	9.271e-17
83.67669	9.276e-17
83.70545	9.288e-17
83.73496	9.296e-17
83.76477	9.304e-17
83.79529	9.315e-17
83.82327	9.324e-17
83.85349	9.330e-17
83.88231	9.329e-17
83.91143	9.322e-17
83.94137	9.313e-17
83.97145	9.299e-17
83.99978	9.279e-17
84.02927	9.258e-17
84.05878	9.229e-17
84.08882	9.201e-17
84.11855	9.166e-17
84.14726	9.138e-17
84.17714	9.110e-17
84.20590	9.094e-17
84.23536	9.073e-17
84.26502	9.050e-17
84.29550	9.028e-17
84.32393	9.019e-17
84.35325	9.011e-17
84.38368	8.997e-17
84.41315	8.991e-17
84.44178	8.987e-17
84.47239	8.989e-17
84.50088	8.984e-17
84.52992	8.988e-17
84.56042	8.991e-17
84.58886	8.981e-17
84.61894	8.986e-17
84.64777	8.995e-17
84.67777	8.992e-17
84.70670	8.985e-17
84.73651	8.980e-17
84.76524	8.973e-17
84.79568	8.960e-17
84.82405	8.949e-17
84.85447	8.936e-17
84.88282	8.932e-17
84.91322	8.922e-17
84.94184	8.918e-17
84.97212	8.901e-17
85.00078	8.903e-17
85.03074	8.889e-17
85.05968	8.885e-17
85.08951	8.889e-17
85.11860	8.886e-17
85.14730	8.880e-17
85.17742	8.876e-17
85.20634	8.863e-17
85.23487	8.857e-17
85.26459	8.845e-17
85.29380	8.835e-17
85.32303	8.818e-17
85.35252	8.809e-17
85.38143	8.790e-17
85.41096	8.777e-17
85.44045	8.768e-17
85.47008	8.750e-17
85.49860	8.742e-17
85.52862	8.726e-17
85.55819	8.710e-17
85.58696	8.708e-17
85.61662	8.695e-17
85.64614	8.681e-17
85.67638	8.668e-17
85.70487	8.663e-17
85.73479	8.658e-17
85.76480	8.646e-17
85.79353	8.638e-17
85.82376	8.631e-17
85.85264	8.621e-17
85.88237	8.616e-17
85.91159	8.614e-17
85.94131	8.604e-17
85.97045	8.599e-17
85.99931	8.601e-17
86.02915	8.592e-17
86.05864	8.585e-17
86.08810	8.582e-17
86.11740	8.579e-17
86.14678	8.576e-17
86.17690	8.573e-17
86.20572	8.564e-17
86.23498	8.562e-17
86.26534	8.557e-17
86.29470	8.553e-17
86.32402	8.546e-17
86.35330	8.545e-17
86.38200	8.539e-17
86.41174	8.535e-17
86.44102	8.527e-17
86.47129	8.530e-17
86.50036	8.529e-17
86.52946	8.524e-17
86.55973	8.514e-17
86.58923	8.512e-17
86.61814	8.508e-17
86.64696	8.499e-17
86.67725	8.495e-17
86.70689	8.488e-17
86.73649	8.475e-17
86.76562	8.463e-17
86.79460	8.448e-17
86.82474	8.442e-17
86.85327	8.427e-17
86.88309	8.412e-17
86.91300	8.389e-17
86.94152	8.377e-17
86.97104	8.355e-17
87.00131	8.342e-17
87.03093	8.326e-17
87.05977	8.313e-17
87.08968	8.297e-17
87.11807	8.286e-17
87.14771	8.266e-17
87.17730	8.249e-17
87.20741	8.225e-17
87.23693	8.210e-17
87.26646	8.193e-17
87.29577	8.185e-17
87.32540	8.165e-17
87.35568	8.156e-17
87.38510	8.156e-17
87.41505	8.147e-17
87.44470	8.136e-17
87.47376	8.130e-17
87.50346	8.124e-17
87.53286	8.120e-17
87.56309	8.121e-17
87.59229	8.117e-17
87.62151	8.109e-17
87.65174	8.107e-17
87.68025	8.102e-17
87.70984	8.096e-17
87.73945	8.097e-17
87.76969	8.096e-17
87.79779	8.091e-17
87.82789	8.085e-17
87.85683	8.093e-17
87.88653	8.097e-17
87.91676	8.092e-17
87.94526	8.100e-17
87.97509	8.102e-17
88.00412	8.106e-17
88.03362	8.112e-17
88.06382	8.111e-17
88.09273	8.121e-17
88.12209	8.120e-17
88.15148	8.123e-17
88.18138	8.121e-17
88.21162	8.121e-17
88.23969	8.116e-17
88.26965	8.118e-17
88.29983	8.109e-17
88.32889	8.098e-17
88.35759	8.091e-17
88.38720	8.085e-17
88.41638	8.084e-17
88.44590	8.078e-17
88.47626	8.067e-17
88.50455	8.061e-17
88.53464	8.066e-17
88.56366	8.064e-17
88.59379	8.053e-17
88.62342	8.066e-17
88.65194	8.065e-17
88.68181	8.057e-17
88.71087	8.060e-17
88.74134	8.054e-17
88.76981	8.060e-17
88.80026	8.066e-17
88.82921	8.068e-17
88.85754	8.076e-17
88.88710	8.084e-17
88.91744	8.087e-17
88.94615	8.094e-17
88.97647	8.103e-17
89.00457	8.115e-17
89.03461	8.131e-17
89.06410	8.146e-17
89.09424	8.160e-17
89.12325	8.175e-17
89.15216	8.186e-17
89.18159	8.194e-17
89.21040	8.211e-17
89.23968	8.224e-17
89.26860	8.240e-17
89.29772	8.254e-17
89.32667	8.268e-17
89.35616	8.285e-17
89.38515	8.314e-17
89.41480	8.320e-17
89.44512	8.341e-17
89.47403	8.376e-17
89.50381	8.386e-17
89.53296	8.406e-17
89.56245	8.424e-17
89.59125	8.446e-17
89.62111	8.467e-17
89.65014	8.487e-17
89.68010	8.512e-17
89.70982	8.537e-17
89.73943	8.565e-17
89.76873	8.584e-17
89.79740	8.605e-17
89.82778	8.628e-17
89.85662	8.649e-17
89.88561	8.654e-17
89.91553	8.672e-17
89.94547	8.701e-17
89.97485	8.709e-17
90.00417	8.725e-17
90.03378	8.740e-17
90.06328	8.749e-17
90.09253	8.759e-17
90.12213	8.777e-17
90.15175	8.790e-17
90.18093	8.798e-17
90.21059	8.808e-17
90.23948	8.829e-17
90.26858	8.847e-17
90.29850	8.858e-17
90.32764	8.890e-17
90.35785	8.912e-17
90.38717	8.934e-17
90.41604	8.963e-17
90.44618	8.999e-17
90.47549	9.035e-17
90.50428	9.065e-17
90.53442	9.091e-17
90.56332	9.126e-17
90.59223	9.166e-17
90.62236	9.194e-17
90.65258	9.241e-17
90.68109	9.273e-17
90.71061	9.309e-17
90.73982	9.343e-17
90.77005	9.370e-17
90.79896	9.384e-17
90.82790	9.401e-17
90.85812	9.410e-17
90.88769	9.409e-17
90.91688	9.409e-17
90.94576	9.409e-17
90.97605	9.408e-17
91.00497	9.405e-17
91.03470	9.405e-17
91.06399	9.405e-17
91.09403	9.407e-17
91.12369	9.424e-17
91.15370	9.434e-17
91.18313	9.457e-17
91.21305	9.477e-17
91.24279	9.495e-17
91.27167	9.521e-17
91.30111	9.553e-17
91.33070	9.582e-17
91.36031	9.612e-17
91.38967	9.665e-17
91.41919	9.708e-17
91.44866	9.762e-17
91.47828	9.817e-17
91.50873	9.875e-17
91.53812	9.910e-17
91.56746	9.960e-17
91.59627	9.996e-17
91.62646	1.003e-16
91.65518	1.007e-16
91.68467	1.009e-16
91.71498	1.010e-16
91.74349	1.010e-16
91.77364	1.010e-16
91.80225	1.011e-16
91.83176	1.009e-16
91.86095	1.007e-16
91.89036	1.007e-16
91.92047	1.007e-16
91.95019	1.007e-16
91.97870	1.006e-16
92.00901	1.006e-16
92.03756	1.007e-16
92.06729	1.007e-16
92.09677	1.009e-16
92.12619	1.010e-16
92.15571	1.012e-16
92.18531	1.015e-16
92.21506	1.018e-16
92.24477	1.020e-16
92.27340	1.024e-16
92.30321	1.027e-16
92.33250	1.032e-16
92.36180	1.037e-16
92.39132	1.041e-16
92.42176	1.045e-16
92.45023	1.048e-16
92.48057	1.051e-16
92.50886	1.054e-16
92.53959	1.056e-16
92.56784	1.058e-16
92.59840	1.058e-16
92.62676	1.058e-16
92.65708	1.058e-16
92.68555	1.057e-16
92.71577	1.056e-16
92.74428	1.055e-16
92.77453	1.056e-16
92.80294	1.054e-16
92.83393	1.053e-16
92.86237	1.052e-16
92.89270	1.052e-16
92.92131	1.051e-16
92.95183	1.050e-16
92.98034	1.050e-16
93.00935	1.050e-16
93.03923	1.051e-16
93.06905	1.052e-16
93.09770	1.052e-16
93.12770	1.052e-16
93.15667	1.054e-16
93.18558	1.054e-16
93.21501	1.056e-16
93.24417	1.056e-16
93.27314	1.058e-16
93.30227	1.058e-16
93.33128	1.061e-16
93.36016	1.061e-16
93.38998	1.062e-16
93.41939	1.062e-16
93.44876	1.063e-16
93.47785	1.063e-16
93.50718	1.063e-16
93.53716	1.064e-16
93.56667	1.063e-16
93.59634	1.063e-16
93.62602	1.063e-16
93.65502	1.062e-16
93.68488	1.063e-16
93.71377	1.063e-16
93.74367	1.062e-16
93.77310	1.063e-16
93.80261	1.063e-16
93.83179	1.064e-16
93.86127	1.065e-16
93.89077	1.065e-16
93.92050	1.064e-16
93.94911	1.064e-16
93.97880	1.064e-16
94.00859	1.063e-16
94.03825	1.063e-16
94.06672	1.065e-16
94.09606	1.065e-16
94.12635	1.064e-16
94.15587	1.063e-16
94.18512	1.062e-16
94.21389	1.061e-16
94.24390	1.061e-16
94.27335	1.062e-16
94.30304	1.061e-16
94.33210	1.059e-16
94.36139	1.059e-16
94.39178	1.058e-16
94.42082	1.058e-16
94.44966	1.056e-16
94.47982	1.055e-16
94.50927	1.054e-16
94.53875	1.053e-16
94.56817	1.051e-16
94.59689	1.052e-16
94.62678	1.050e-16
94.65603	1.050e-16
94.68567	1.050e-16
94.71497	1.049e-16
94.74385	1.048e-16
94.77419	1.047e-16
94.80281	1.046e-16
94.83284	1.046e-16
94.86171	1.046e-16
94.89184	1.047e-16
94.92047	1.046e-16
94.95063	1.044e-16
94.98031	1.043e-16
95.01059	1.042e-16
95.04081	1.042e-16
95.07004	1.040e-16
95.09986	1.039e-16
95.12934	1.039e-16
95.15884	1.039e-16
95.18857	1.037e-16
95.21811	1.036e-16
95.24824	1.034e-16
95.27804	1.033e-16
95.30726	1.031e-16
95.33643	1.030e-16
95.36554	1.027e-16
95.39467	1.026e-16
95.42418	1.025e-16
95.45342	1.023e-16
95.48261	1.022e-16
95.51195	1.021e-16
95.54213	1.017e-16
95.57078	1.015e-16
95.60026	1.013e-16
95.63019	1.010e-16
95.66052	1.008e-16
95.68902	1.006e-16
95.71827	1.004e-16
95.74858	1.001e-16
95.77728	9.986e-17
95.80688	9.955e-17
95.83717	9.949e-17
95.86540	9.924e-17
95.89506	9.871e-17
95.92437	9.826e-17
95.95414	9.801e-17
95.98318	9.752e-17
96.01276	9.723e-17
96.04199	9.678e-17
96.07161	9.650e-17
96.10155	9.592e-17
96.13023	9.559e-17
96.15976	9.534e-17
96.18945	9.487e-17
96.21901	9.465e-17
96.24852	9.437e-17
96.27811	9.370e-17
96.30750	9.344e-17
96.33684	9.306e-17
96.36671	9.288e-17
96.39526	9.256e-17
96.42495	9.212e-17
96.45443	9.164e-17
96.48483	9.140e-17
96.51322	9.115e-17
96.54366	9.076e-17
96.57208	9.066e-17
96.60255	9.047e-17
96.63094	9.003e-17
96.66137	8.974e-17
96.68979	8.943e-17
96.71989	8.910e-17
96.74872	8.897e-17
96.77938	8.871e-17
96.80764	8.829e-17
96.83827	8.778e-17
96.86702	8.756e-17
96.89593	8.734e-17
96.92631	8.713e-17
96.95557	8.683e-17
96.98401	8.635e-17
97.01269	8.617e-17
97.04170	8.577e-17
97.07148	8.537e-17
97.10037	8.525e-17
97.12943	8.493e-17
97.15934	8.468e-17
97.18836	8.439e-17
97.21747	8.394e-17
97.24736	8.361e-17
97.27689	8.320e-17
97.30598	8.270e-17
97.33585	8.234e-17
97.36550	8.204e-17
97.39457	8.154e-17
97.42334	8.107e-17
97.45336	8.048e-17
97.48202	8.017e-17
97.51253	7.973e-17
97.54191	7.929e-17
97.57154	7.872e-17
97.60004	7.838e-17
97.62994	7.788e-17
97.65908	7.751e-17
97.68817	7.693e-17
97.71819	7.660e-17
97.74739	7.609e-17
97.77661	7.579e-17
97.80646	7.531e-17
97.83594	7.494e-17
97.86567	7.464e-17
97.89426	7.412e-17
97.92388	7.387e-17
97.95312	7.339e-17
97.98362	7.308e-17
98.01298	7.278e-17
98.04235	7.241e-17
98.07190	7.215e-17
98.10146	7.184e-17
98.13081	7.146e-17
98.15940	7.120e-17
98.18933	7.096e-17
98.21835	7.060e-17
98.24878	7.030e-17
98.27806	7.002e-17
98.30759	6.968e-17
98.33699	6.938e-17
98.36632	6.925e-17
98.39513	6.904e-17
98.42497	6.866e-17
98.45404	6.835e-17
98.48368	6.809e-17
98.51342	6.776e-17
98.54294	6.746e-17
98.57169	6.713e-17
98.60163	6.695e-17
98.63097	6.667e-17
98.66087	6.637e-17
98.68970	6.604e-17
98.71971	6.573e-17
98.74880	6.538e-17
98.77831	6.525e-17
98.80704	6.509e-17
98.83713	6.480e-17
98.86645	6.447e-17
98.89539	6.417e-17
98.92498	6.395e-17
98.95561	6.379e-17
98.98469	6.364e-17
99.01362	6.323e-17
99.04391	6.297e-17
99.07343	6.280e-17
99.10321	6.248e-17
99.13348	6.222e-17
99.16258	6.195e-17
99.19241	6.166e-17
99.22194	6.140e-17
99.25133	6.110e-17
99.28089	6.092e-17
99.31071	6.083e-17
99.33968	6.049e-17
99.36929	6.033e-17
99.39885	6.012e-17
99.42922	5.994e-17
99.45857	5.962e-17
99.48698	5.959e-17
99.51725	5.948e-17
99.54585	5.927e-17
99.57639	5.908e-17
99.60463	5.893e-17
99.63441	5.879e-17
99.66492	5.842e-17
99.69329	5.842e-17
99.72304	5.832e-17
99.75216	5.806e-17
99.78219	5.796e-17
99.81079	5.780e-17
99.84093	5.774e-17
99.86988	5.753e-17
99.89949	5.742e-17
99.92880	5.740e-17
99.95853	5.714e-17
99.98747	5.701e-17
100.0169	5.680e-17
100.0467	5.667e-17
100.0758	5.652e-17
100.1056	5.633e-17
100.1359	5.624e-17
100.1642	5.616e-17
100.1940	5.618e-17
100.2233	5.603e-17
100.2527	5.595e-17
100.2823	5.588e-17
100.3115	5.580e-17
100.3412	5.581e-17
100.3712	5.553e-17
100.3999	5.538e-17
100.4298	5.525e-17
100.4587	5.533e-17
100.4891	5.506e-17
100.5177	5.504e-17
100.5475	5.508e-17
100.5764	5.508e-17
100.6070	5.488e-17
100.6354	5.470e-17
100.6657	5.463e-17
100.6945	5.457e-17
100.7236	5.437e-17
100.7538	5.439e-17
100.7825	5.436e-17
100.8118	5.427e-17
100.8424	5.430e-17
100.8719	5.412e-17
100.9011	5.392e-17
100.9295	5.386e-17
100.9590	5.381e-17
100.9885	5.385e-17
101.0178	5.360e-17
101.0463	5.360e-17
101.0753	5.352e-17
101.1053	5.346e-17
101.1340	5.350e-17
101.1630	5.326e-17
101.1924	5.320e-17
101.2221	5.313e-17
101.2514	5.305e-17
101.2808	5.316e-17
101.3101	5.313e-17
101.3398	5.299e-17
101.3689	5.280e-17
101.3985	5.276e-17
101.4281	5.280e-17
101.4576	5.267e-17
101.4867	5.253e-17
101.5164	5.259e-17
101.5459	5.256e-17
101.5757	5.247e-17
101.6048	5.247e-17
101.6345	5.237e-17
101.6635	5.227e-17
101.6933	5.226e-17
101.7229	5.214e-17
101.7516	5.223e-17
101.7815	5.208e-17
101.8110	5.197e-17
101.8397	5.201e-17
101.8695	5.214e-17
101.9062	5.188e-17
101.9560	5.172e-17
102.0045	5.170e-17
102.0531	5.158e-17
102.1026	5.145e-17
102.1522	5.129e-17
102.2013	5.118e-17
102.2503	5.106e-17
102.2995	5.098e-17
102.3486	5.083e-17
102.3979	5.073e-17
102.4466	5.067e-17
102.4952	5.055e-17
102.5442	5.042e-17
102.5944	5.034e-17
102.6436	5.035e-17
102.6922	5.019e-17
102.7415	5.013e-17
102.7907	4.987e-17
102.8397	4.981e-17
102.8892	4.978e-17
102.9381	4.973e-17
102.9876	4.968e-17
103.0361	4.956e-17
103.0848	4.948e-17
103.1350	4.938e-17
103.1832	4.925e-17
103.2332	4.917e-17
103.2811	4.907e-17
103.3313	4.895e-17
103.3808	4.887e-17
103.4301	4.879e-17
103.4802	4.873e-17
103.5290	4.865e-17
103.5779	4.858e-17
103.6280	4.841e-17
103.6766	4.824e-17
103.7266	4.816e-17
103.7756	4.801e-17
103.8242	4.785e-17
103.8733	4.778e-17
103.9225	4.756e-17
103.9720	4.755e-17
104.0217	4.740e-17
104.0700	4.723e-17
104.1191	4.703e-17
104.1685	4.698e-17
104.2179	4.686e-17
104.2668	4.683e-17
104.3159	4.665e-17
104.3650	4.655e-17
104.4134	4.645e-17
104.4632	4.628e-17
104.5127	4.624e-17
104.5613	4.611e-17
104.6105	4.591e-17
104.6597	4.581e-17
104.7084	4.592e-17
104.7575	4.576e-17
104.8071	4.572e-17
104.8568	4.576e-17
104.9052	4.572e-17
104.9549	4.562e-17
105.0025	4.551e-17
105.0509	4.536e-17
105.0998	4.522e-17
105.1498	4.502e-17
105.1991	4.492e-17
105.2487	4.477e-17
105.2974	4.469e-17
105.3457	4.462e-17
105.3948	4.460e-17
105.4432	4.442e-17
105.4921	4.440e-17
105.5418	4.440e-17
105.5904	4.436e-17
105.6404	4.417e-17
105.6893	4.404e-17
105.7381	4.389e-17
105.7874	4.384e-17
105.8361	4.374e-17
105.8854	4.366e-17
105.9343	4.353e-17
105.9829	4.348e-17
106.0322	4.342e-17
106.0819	4.329e-17
106.1311	4.316e-17
106.1800	4.311e-17
106.2292	4.302e-17
106.2776	4.300e-17
106.3265	4.291e-17
106.3767	4.282e-17
106.4256	4.272e-17
106.4748	4.251e-17
106.5240	4.242e-17
106.5728	4.231e-17
106.6217	4.224e-17
106.6706	4.225e-17
106.7202	4.208e-17
106.7695	4.200e-17
106.8188	4.179e-17
106.8680	4.170e-17
106.9171	4.157e-17
106.9656	4.151e-17
107.0148	4.132e-17
107.0646	4.124e-17
107.1129	4.112e-17
107.1627	4.106e-17
107.2107	4.093e-17
107.2605	4.086e-17
107.3103	4.071e-17
107.3584	4.067e-17
107.4083	4.067e-17
107.4579	4.063e-17
107.5080	4.058e-17
107.5573	4.052e-17
107.6063	4.054e-17
107.6559	4.044e-17
107.7057	4.043e-17
107.7547	4.039e-17
107.8031	4.039e-17
107.8524	4.036e-17
107.9018	4.027e-17
107.9517	4.028e-17
107.9998	4.020e-17
108.0491	4.019e-17
108.0988	4.007e-17
108.1474	4.014e-17
108.1964	4.011e-17
108.2461	4.008e-17
108.2951	4.009e-17
108.3442	4.002e-17
108.3932	4.003e-17
108.4423	3.998e-17
108.4907	3.999e-17
108.5401	3.993e-17
108.5890	3.987e-17
108.6380	3.988e-17
108.6875	3.989e-17
108.7365	3.990e-17
108.7860	3.984e-17
108.8338	3.988e-17
108.8827	3.988e-17
108.9314	3.991e-17
108.9800	3.994e-17
109.0287	3.990e-17
109.0785	3.986e-17
109.1269	3.987e-17
109.1762	3.989e-17
109.2259	3.993e-17
109.2741	3.986e-17
109.3235	3.983e-17
109.3726	3.991e-17
109.4219	3.994e-17
109.4714	4.000e-17
109.5203	3.998e-17
109.5699	3.988e-17
109.6185	3.988e-17
109.6673	3.997e-17
109.7166	3.993e-17
109.7654	4.001e-17
109.8148	3.992e-17
109.8645	3.979e-17
109.9133	3.975e-17
109.9622	3.981e-17
110.0118	3.978e-17
110.0605	3.971e-17
110.1099	3.965e-17
110.1591	3.955e-17
110.2080	3.958e-17
110.2572	3.951e-17
110.3065	3.941e-17
110.3553	3.937e-17
110.4046	3.935e-17
110.4538	3.924e-17
110.5028	3.928e-17
110.5520	3.918e-17
110.6012	3.907e-17
110.6501	3.892e-17
110.6997	3.893e-17
110.7485	3.888e-17
110.7975	3.880e-17
110.8465	3.868e-17
110.8961	3.858e-17
110.9453	3.847e-17
110.9940	3.834e-17
111.0435	3.833e-17
111.0918	3.829e-17
111.1418	3.829e-17
111.1897	3.821e-17
111.2393	3.810e-17
111.2898	3.803e-17
111.3393	3.808e-17
111.3887	3.802e-17
111.4386	3.804e-17
111.4870	3.801e-17
111.5360	3.791e-17
111.5852	3.784e-17
111.6350	3.773e-17
111.6840	3.771e-17
111.7329	3.768e-17
111.7823	3.770e-17
111.8319	3.768e-17
111.8803	3.775e-17
111.9297	3.764e-17
111.9792	3.770e-17
112.0278	3.777e-17
112.0772	3.779e-17
112.1259	3.784e-17
112.1755	3.788e-17
112.2244	3.792e-17
112.2732	3.789e-17
112.3224	3.795e-17
112.3721	3.793e-17
112.4208	3.801e-17
112.4698	3.803e-17
112.5189	3.814e-17
112.5689	3.818e-17
112.6171	3.826e-17
112.6663	3.832e-17
112.7162	3.841e-17
112.7643	3.842e-17
112.8134	3.857e-17
112.8634	3.866e-17
112.9116	3.873e-17
112.9615	3.875e-17
113.0086	3.882e-17
113.0574	3.894e-17
113.1055	3.904e-17
113.1548	3.920e-17
113.2045	3.920e-17
113.2532	3.940e-17
113.3027	3.953e-17
113.3516	3.958e-17
113.4010	3.971e-17
113.4499	3.980e-17
113.4990	3.988e-17
113.5478	4.007e-17
113.5976	4.027e-17
113.6461	4.039e-17
113.6951	4.045e-17
113.7440	4.058e-17
113.7941	4.067e-17
113.8427	4.082e-17
113.8921	4.097e-17
113.9418	4.101e-17
113.9906	4.114e-17
114.0398	4.130e-17
114.0890	4.147e-17
114.1377	4.153e-17
114.1870	4.164e-17
114.2357	4.168e-17
114.2852	4.182e-17
114.3343	4.196e-17
114.3837	4.205e-17
114.4321	4.219e-17
114.4809	4.242e-17
114.5309	4.261e-17
114.5791	4.276e-17
114.6291	4.284e-17
114.6780	4.299e-17
114.7268	4.311e-17
114.7764	4.324e-17
114.8260	4.341e-17
114.8749	4.360e-17
114.9229	4.373e-17
114.9724	4.396e-17
115.0221	4.411e-17
115.0715	4.411e-17
115.1201	4.427e-17
115.1697	4.439e-17
115.2183	4.468e-17
115.2684	4.477e-17
115.3180	4.486e-17
115.3676	4.495e-17
115.4171	4.502e-17
115.4665	4.527e-17
115.5156	4.554e-17
115.5650	4.578e-17
115.6136	4.579e-17
115.6627	4.600e-17
115.7128	4.606e-17
115.7609	4.615e-17
115.8110	4.638e-17
115.8592	4.653e-17
115.9085	4.674e-17
115.9575	4.678e-17
116.0064	4.688e-17
116.0560	4.705e-17
116.1047	4.721e-17
116.1541	4.737e-17
116.2033	4.755e-17
116.2519	4.775e-17
116.3019	4.779e-17
116.3504	4.802e-17
116.3994	4.817e-17
116.4487	4.835e-17
116.4978	4.847e-17
116.5476	4.866e-17
116.5957	4.881e-17
116.6452	4.897e-17
116.6946	4.923e-17
116.7442	4.939e-17
116.7923	4.954e-17
116.8422	4.979e-17
116.8907	4.959e-17
116.9393	4.986e-17
116.9879	5.001e-17
117.0367	5.024e-17
117.0859	5.035e-17
117.1352	5.057e-17
117.1838	5.089e-17
117.2315	5.083e-17
117.2812	5.104e-17
117.3310	5.131e-17
117.3793	5.136e-17
117.4287	5.156e-17
117.4772	5.179e-17
117.5894	5.19360e-17
117.6188	5.18087e-17
117.6483	5.16525e-17
117.6782	5.19982e-17
117.7069	5.19378e-17
117.7363	5.21031e-17
117.7656	5.21122e-17
117.7957	5.22284e-17
117.8256	5.24889e-17
117.8543	5.20902e-17
117.8844	5.26398e-17
117.9140	5.24575e-17
117.9430	5.23406e-17
117.9717	5.26792e-17
118.0019	5.29094e-17
118.0308	5.28975e-17
118.0610	5.25473e-17
118.0904	5.28308e-17
118.1191	5.29774e-17
118.1489	5.32651e-17
118.1778	5.34578e-17
118.2081	5.33341e-17
118.2368	5.37500e-17
118.2670	5.35970e-17
118.2960	5.34308e-17
118.3258	5.37795e-17
118.3544	5.36265e-17
118.3847	5.37588e-17
118.4136	5.38023e-17
118.4437	5.37341e-17
118.4724	5.39052e-17
118.5018	5.35855e-17
118.5309	5.45218e-17
118.5607	5.38293e-17
118.5906	5.38012e-17
118.6204	5.43785e-17
118.6495	5.43538e-17
118.6790	5.43997e-17
118.7078	5.45972e-17
118.7376	5.47501e-17
118.7668	5.39075e-17
118.7965	5.46231e-17
118.8253	5.49622e-17
118.8553	5.49186e-17
118.8850	5.50472e-17
118.9137	5.50630e-17
118.9436	5.54581e-17
118.9733	5.55902e-17
119.0021	5.56422e-17
119.0323	5.57564e-17
119.0615	5.56940e-17
119.0912	5.59391e-17
119.1211	5.55584e-17
119.1508	5.56412e-17
119.1803	5.58237e-17
119.2102	5.57385e-17
119.2394	5.60759e-17
119.2692	5.59800e-17
119.2989	5.60685e-17
119.3280	5.62250e-17
119.3581	5.64032e-17
119.3870	5.60958e-17
119.4161	5.70804e-17
119.4457	5.68177e-17
119.4760	5.63567e-17
119.5051	5.69995e-17
119.5345	5.68280e-17
119.5636	5.68528e-17
119.5941	5.71043e-17
119.6232	5.72286e-17
119.6521	5.76094e-17
119.6812	5.76842e-17
119.7115	5.76883e-17
119.7401	5.74412e-17
119.7704	5.76562e-17
119.7992	5.72620e-17
119.8295	5.72044e-17
119.8579	5.73442e-17
119.8872	5.76065e-17
119.9177	5.74068e-17
119.9464	5.75907e-17
119.9769	5.80356e-17
120.0050	5.74226e-17
120.0344	5.75858e-17
120.0646	5.77264e-17
120.0934	5.81038e-17
120.1229	5.78630e-17
120.1525	5.83007e-17
120.1818	5.86888e-17
120.2113	5.83160e-17
120.2406	5.84195e-17
120.2701	5.89033e-17
120.3002	5.90091e-17
120.3290	5.86024e-17
120.3592	5.90042e-17
120.3878	5.92481e-17
120.4180	5.90175e-17
120.4465	5.87918e-17
120.4769	5.88681e-17
120.5054	5.86317e-17
120.5354	5.93526e-17
120.5642	5.93018e-17
120.5942	5.87143e-17
120.6230	5.94925e-17
120.6524	5.92796e-17
120.6820	5.89043e-17
120.7119	5.89026e-17
120.7407	5.95676e-17
120.7702	5.93150e-17
120.8006	5.96919e-17
120.8295	5.97330e-17
120.8581	5.95746e-17
120.8869	6.00201e-17
120.9160	5.96714e-17
120.9450	6.03017e-17
120.9748	5.98629e-17
121.0038	6.02814e-17
121.0325	6.02776e-17
121.0621	6.04087e-17
121.0911	6.05778e-17
121.1212	6.03272e-17
121.1504	6.02183e-17
121.1799	6.05738e-17
121.2096	6.01247e-17
121.2386	6.02226e-17
121.2681	6.01077e-17
121.2986	5.97915e-17
121.3277	5.98336e-17
121.3561	6.01653e-17
121.3861	6.02846e-17
121.4156	6.03182e-17
121.4450	6.06142e-17
121.4746	6.04781e-17
121.5032	6.10928e-17
121.5339	6.09351e-17
121.5628	6.06314e-17
121.5924	6.10901e-17
121.6216	6.11359e-17
121.6511	6.10907e-17
121.6806	6.12464e-17
121.7100	6.11529e-17
121.7393	6.08357e-17
121.7683	6.10915e-17
121.7982	6.11050e-17
121.8268	6.12893e-17
121.8575	6.07685e-17
121.8865	6.06943e-17
121.9152	6.08189e-17
121.9457	6.07273e-17
121.9752	6.07357e-17
122.0037	6.03939e-17
122.0344	6.03974e-17
122.0633	6.05509e-17
122.0917	6.03021e-17
122.1220	6.05870e-17
122.1508	6.08238e-17
122.1810	6.09882e-17
122.2095	6.10562e-17
122.2398	6.09237e-17
122.2683	6.11566e-17
122.2986	6.12513e-17
122.3278	6.12275e-17
122.3573	6.14590e-17
122.3860	6.10153e-17
122.4155	6.05581e-17
122.4458	6.11772e-17
122.4744	6.12319e-17
122.5043	6.10323e-17
122.5342	6.09660e-17
122.5635	6.07247e-17
122.5928	6.04543e-17
122.6222	6.04229e-17
122.6520	6.01127e-17
122.6809	6.03608e-17
122.7105	6.01843e-17
122.7404	5.96639e-17
122.7698	5.97924e-17
122.7983	5.96899e-17
122.8278	5.95731e-17
122.8579	6.01081e-17
122.8868	5.98659e-17
122.9161	6.01180e-17
122.9459	6.04593e-17
122.9766	6.04582e-17
123.0055	6.03517e-17
123.0352	6.03518e-17
123.0650	6.06566e-17
123.0944	6.05087e-17
123.1241	6.04289e-17
123.1538	6.04913e-17
123.1833	6.07198e-17
123.2132	6.06188e-17
123.2422	6.07966e-17
123.2715	6.02673e-17
123.3014	5.98959e-17
123.3307	6.00570e-17
123.3602	6.00242e-17
123.3894	5.95750e-17
123.4186	5.95764e-17
123.4491	5.91071e-17
123.4778	5.94807e-17
123.5069	5.88133e-17
123.5371	5.92033e-17
123.5660	5.90827e-17
123.5959	5.92723e-17
123.6246	5.97135e-17
123.6551	5.96446e-17
123.6841	6.00191e-17
123.7132	5.97896e-17
123.7433	5.99272e-17
123.7725	5.99218e-17
123.8013	5.99411e-17
123.8308	6.00165e-17
123.8608	6.01201e-17
123.8901	5.97666e-17
123.9199	5.96974e-17
123.9484	5.94941e-17
123.9782	5.92724e-17
124.008		5.94194e-17
124.037		5.89519e-17
124.066		5.86593e-17
124.096		5.83694e-17
124.125		5.79244e-17
124.155		5.79746e-17
124.184		5.81614e-17
124.214		5.76128e-17
124.244		5.78152e-17
124.272		5.76986e-17
124.302		5.74652e-17
124.331		5.76323e-17
124.361		5.75266e-17
124.390		5.78132e-17
124.420		5.78699e-17
124.450		5.81199e-17
124.479		5.83416e-17
124.508		5.79367e-17
124.538		5.79933e-17
124.567		5.78475e-17
124.597		5.75596e-17
124.626		5.72608e-17
124.655		5.72673e-17
124.685		5.69842e-17
124.714		5.66692e-17
124.743		5.67318e-17
124.772		5.64329e-17
124.802		5.60377e-17
124.832		5.56023e-17
124.861		5.56671e-17
124.890		5.55792e-17
124.919		5.53426e-17
124.948		5.50745e-17
124.977		5.51806e-17
125.007		5.52020e-17
125.036		5.53033e-17
125.064		5.47530e-17
125.095		5.46113e-17
125.123		5.48652e-17
125.153		5.50169e-17
125.183		5.50057e-17
125.211		5.52173e-17
125.241		5.54074e-17
125.271		5.54256e-17
125.300		5.49881e-17
125.330		5.48239e-17
125.359		5.47200e-17
125.389		5.46366e-17
125.417		5.42463e-17
125.447		5.38690e-17
125.477		5.37375e-17
125.506		5.34007e-17
125.536		5.30294e-17
125.565		5.28975e-17
125.595		5.28214e-17
125.624		5.27159e-17
125.653		5.23679e-17
125.683		5.20062e-17
125.713		5.24136e-17
125.742		5.21370e-17
125.771		5.24469e-17
125.800		5.23859e-17
125.830		5.19434e-17
125.859		5.19636e-17
125.889		5.18904e-17
125.918		5.20627e-17
125.948		5.20791e-17
125.976		5.21248e-17
126.007		5.21137e-17
126.036		5.22293e-17
126.066		5.22545e-17
126.095		5.18293e-17
126.125		5.15905e-17
126.154		5.15780e-17
126.183		5.10376e-17
126.213		5.09911e-17
126.242		5.04674e-17
126.271		4.99130e-17
126.300		4.97161e-17
126.330		4.95696e-17
126.359		4.92624e-17
126.389		4.87374e-17
126.419		4.85058e-17
126.447		4.86480e-17
126.477		4.84494e-17
126.506		4.85225e-17
126.537		4.81707e-17
126.566		4.81156e-17
126.594		4.85409e-17
126.624		4.81751e-17
126.654		4.83062e-17
126.684		4.83480e-17
126.712		4.82521e-17
126.743		4.83683e-17
126.771		4.84739e-17
126.801		4.84001e-17
126.831		4.80643e-17
126.859		4.78913e-17
126.890		4.74752e-17
126.919		4.73080e-17
126.949		4.71100e-17
126.979		4.65035e-17
127.009		4.61749e-17
127.038		4.59308e-17
127.068		4.56585e-17
127.097		4.51191e-17
127.127		4.46651e-17
127.157		4.44886e-17
127.186		4.41498e-17
127.216		4.39717e-17
127.245		4.39104e-17
127.274		4.34754e-17
127.304		4.36914e-17
127.333		4.35089e-17
127.362		4.33575e-17
127.393		4.33203e-17
127.422		4.31844e-17
127.450		4.30721e-17
127.481		4.28888e-17
127.509		4.29235e-17
127.540		4.30028e-17
127.569		4.32793e-17
127.598		4.31652e-17
127.628		4.28196e-17
127.657		4.24347e-17
127.687		4.24018e-17
127.715		4.20621e-17
127.746		4.16086e-17
127.774		4.14468e-17
127.804		4.10612e-17
127.833		4.07299e-17
127.863		4.02104e-17
127.892		3.99902e-17
127.922		3.94821e-17
127.952		3.91673e-17
127.980		3.89593e-17
128.010		3.89198e-17
128.040		3.86535e-17
128.069		3.84084e-17
128.098		3.81956e-17
128.128		3.78044e-17
128.157		3.78647e-17
128.187		3.75724e-17
128.216		3.75122e-17
128.246		3.72695e-17
128.275		3.69615e-17
128.304		3.68878e-17
128.334		3.69002e-17
128.363		3.68153e-17
128.392		3.68899e-17
128.423		3.65631e-17
128.451		3.65156e-17
128.481		3.60535e-17
128.510		3.56772e-17
128.540		3.55480e-17
128.569		3.51761e-17
128.598		3.45854e-17
128.628		3.43819e-17
128.657		3.39283e-17
128.686		3.36400e-17
128.716		3.30375e-17
128.745		3.27336e-17
128.774		3.26588e-17
128.803		3.24354e-17
128.832		3.23104e-17
128.861		3.21674e-17
128.890		3.20247e-17
128.920		3.19449e-17
128.949		3.20290e-17
128.979		3.19632e-17
129.009		3.17306e-17
129.038		3.15372e-17
129.067		3.13987e-17
129.096		3.12924e-17
129.126		3.11383e-17
129.156		3.11322e-17
129.185		3.09461e-17
129.215		3.10387e-17
129.243		3.08138e-17
129.273		3.06305e-17
129.302		3.03845e-17
129.331		3.01944e-17
129.361		2.98620e-17
129.391		2.97289e-17
129.420		2.93633e-17
129.450		2.89438e-17
129.478		2.87208e-17
129.509		2.82449e-17
129.537		2.78277e-17
129.567		2.75796e-17
129.596		2.74178e-17
129.627		2.70806e-17
129.656		2.69677e-17
129.685		2.70910e-17
129.715		2.70184e-17
129.743		2.71144e-17
129.773		2.72146e-17
129.802		2.69902e-17
129.832		2.69830e-17
129.862		2.68984e-17
129.892		2.68284e-17
129.921		2.69197e-17
129.949		2.70253e-17
129.979		2.70420e-17
130.008		2.72524e-17
130.039		2.70475e-17
130.067		2.69067e-17
130.097		2.66679e-17
130.126		2.64708e-17
130.156		2.63252e-17
130.185		2.61816e-17
130.215		2.57717e-17
130.244		2.55335e-17
130.273		2.50445e-17
130.303		2.49213e-17
130.333		2.45757e-17
130.362		2.41834e-17
130.392		2.39524e-17
130.421		2.37189e-17
130.450		2.35735e-17
130.479		2.33168e-17
130.509		2.32767e-17
130.539		2.31330e-17
130.568		2.30629e-17
130.597		2.30906e-17
130.626		2.32953e-17
130.657		2.30480e-17
130.686		2.31139e-17
130.715		2.30186e-17
130.744		2.29876e-17
130.774		2.31519e-17
130.804		2.31427e-17
130.834		2.32922e-17
130.863		2.31986e-17
130.893		2.32250e-17
130.922		2.30029e-17
130.952		2.28902e-17
130.982		2.28057e-17
131.011		2.26548e-17
131.041		2.22570e-17
131.071		2.21947e-17
131.101		2.20161e-17
131.130		2.18057e-17
131.159		2.16237e-17
131.188		2.12494e-17
131.217		2.09281e-17
131.247		2.05952e-17
131.277		2.04714e-17
131.305		2.01371e-17
131.336		2.01115e-17
131.365		2.00061e-17
131.394		1.99192e-17
131.424		1.98898e-17
131.453		1.98649e-17
131.482		2.00467e-17
131.513		2.00028e-17
131.541		1.99555e-17
131.572		1.99336e-17
131.601		1.97971e-17
131.629		1.99635e-17
131.660		1.97973e-17
131.689		1.99132e-17
131.719		1.99218e-17
131.747		1.99591e-17
131.777		1.98571e-17
131.806		1.98286e-17
131.836		1.96994e-17
131.865		1.94950e-17
131.895		1.93281e-17
131.925		1.89941e-17
131.953		1.89165e-17
131.983		1.85411e-17
132.012		1.83333e-17
132.042		1.80762e-17
132.071		1.78514e-17
132.101		1.77087e-17
132.131		1.74289e-17
132.159		1.73814e-17
132.189		1.71423e-17
132.218		1.71643e-17
132.248		1.70647e-17
132.278		1.70763e-17
132.306		1.70233e-17
132.337		1.71530e-17
132.365		1.72358e-17
132.394		1.72647e-17
132.425		1.72406e-17
132.453		1.71116e-17
132.483		1.70484e-17
132.512		1.70853e-17
132.543		1.69592e-17
132.571		1.68500e-17
132.601		1.69042e-17
132.631		1.68709e-17
132.660		1.67846e-17
132.689		1.66732e-17
132.718		1.66315e-17
132.748		1.64640e-17
132.777		1.62980e-17
132.806		1.61555e-17
132.835		1.59274e-17
132.864		1.56573e-17
132.893		1.55278e-17
132.922		1.52862e-17
132.952		1.51326e-17
132.981		1.50268e-17
133.011		1.47971e-17
133.039		1.48019e-17
133.069		1.46790e-17
133.099		1.46520e-17
133.128		1.46628e-17
133.157		1.46701e-17
133.188		1.48468e-17
133.217		1.49362e-17
133.246		1.48324e-17
133.275		1.48037e-17
133.305		1.48819e-17
133.334		1.48930e-17
133.364		1.48016e-17
133.393		1.48780e-17
133.423		1.46487e-17
133.451		1.46097e-17
133.482		1.45863e-17
133.511		1.45600e-17
133.540		1.44544e-17
133.570		1.43981e-17
133.599		1.43812e-17
133.628		1.43960e-17
133.658		1.41654e-17
133.687		1.39911e-17
133.717		1.39016e-17
133.746		1.37341e-17
133.776		1.34624e-17
133.805		1.32518e-17
133.835		1.31856e-17
133.864		1.30903e-17
133.892		1.28691e-17
133.922		1.29259e-17
133.953		1.29509e-17
133.982		1.29570e-17
134.012		1.30061e-17
134.040		1.30011e-17
134.070		1.30859e-17
134.099		1.30319e-17
134.129		1.30435e-17
134.159		1.31092e-17
134.187		1.31018e-17
134.218		1.31134e-17
134.246		1.31103e-17
134.276		1.29479e-17
134.306		1.28643e-17
134.334		1.26805e-17
134.364		1.25762e-17
134.394		1.25771e-17
134.423		1.25111e-17
134.453		1.25725e-17
134.482		1.24792e-17
134.512		1.25031e-17
134.541		1.23902e-17
134.571		1.22610e-17
134.599		1.21737e-17
134.629		1.18815e-17
134.659		1.17894e-17
134.687		1.16661e-17
134.717		1.15721e-17
134.747		1.15100e-17
134.776		1.14350e-17
134.806		1.13325e-17
134.835		1.13020e-17
134.865		1.13054e-17
134.895		1.13040e-17
134.925		1.12982e-17
134.954		1.14177e-17
134.984		1.13822e-17
135.013		1.14445e-17
135.043		1.14251e-17
135.072		1.14042e-17
135.102		1.15278e-17
135.131		1.14134e-17
135.161		1.14195e-17
135.191		1.13269e-17
135.221		1.12216e-17
135.250		1.10575e-17
135.279		1.11599e-17
135.309		1.10376e-17
135.338		1.10144e-17
135.367		1.09355e-17
135.397		1.09197e-17
135.426		1.09586e-17
135.455		1.08057e-17
135.486		1.07384e-17
135.515		1.07130e-17
135.544		1.05981e-17
135.573		1.05091e-17
135.603		1.04389e-17
135.632		1.02740e-17
135.662		1.02113e-17
135.691		1.01361e-17
135.721		1.01994e-17
135.749		1.02831e-17
135.779		1.02261e-17
135.810		1.02741e-17
135.838		1.02609e-17
135.868		1.02688e-17
135.897		1.01373e-17
135.926		1.01586e-17
135.956		1.01608e-17
135.985		1.01575e-17
136.015		1.00560e-17
136.045		1.00522e-17
136.073		9.99552e-18
136.104		9.99140e-18
136.132		9.83053e-18
136.161		9.84851e-18
136.191		9.77943e-18
136.221		9.86313e-18
136.250		9.77035e-18
136.280		9.78587e-18
136.309		9.76025e-18
136.338		9.74213e-18
136.368		9.78790e-18
136.397		9.65861e-18
136.427		9.59840e-18
136.456		9.54072e-18
136.485		9.57535e-18
136.515		9.50664e-18
136.544		9.40673e-18
136.575		9.40855e-18
136.603		9.43288e-18
136.632		9.44380e-18
136.662		9.43165e-18
136.691		9.41976e-18
136.720		9.36032e-18
136.749		9.33469e-18
136.777		9.43410e-18
136.807		9.39774e-18
136.836		9.46903e-18
136.865		9.42380e-18
136.896		9.37935e-18
136.925		9.36618e-18
136.955		9.38905e-18
136.984		9.38244e-18
137.013		9.38725e-18
137.042		9.35082e-18
137.072		9.44001e-18
137.101		9.36223e-18
137.131		9.38460e-18
137.160		9.30228e-18
137.190		9.30778e-18
137.218		9.24135e-18
137.248		9.12925e-18
137.278		9.22215e-18
137.307		9.17138e-18
137.337		9.17623e-18
137.365		9.13664e-18
137.396		9.19827e-18
137.424		9.13645e-18
137.454		9.15069e-18
137.483		9.06595e-18
137.513		9.11559e-18
137.542		9.02164e-18
137.572		9.02689e-18
137.601		8.96861e-18
137.631		9.05689e-18
137.660		8.98136e-18
137.690		8.92233e-18
137.719		9.02026e-18
137.749		9.09405e-18
137.778		9.02402e-18
137.808		9.01375e-18
137.837		9.05753e-18
137.867		9.06667e-18
137.896		9.13864e-18
137.926		9.07898e-18
137.954		9.11466e-18
137.984		9.21862e-18
138.013		9.15877e-18
138.043		9.22225e-18
138.072		9.22805e-18
138.102		9.21000e-18
138.131		9.18553e-18
138.161		9.24514e-18
138.190		9.27270e-18
138.220		9.23319e-18
138.249		9.21269e-18
138.278		9.20848e-18
138.308		9.28086e-18
138.336		9.25735e-18
138.366		9.19759e-18
138.396		9.12489e-18
138.425		9.12314e-18
138.455		9.15822e-18
138.484		9.06867e-18
138.514		9.21795e-18
138.543		9.17151e-18
138.572		9.16446e-18
138.602		9.13114e-18
138.631		9.12463e-18
138.661		9.17779e-18
138.691		9.20270e-18
138.721		9.25478e-18
138.751		9.29521e-18
138.780		9.40679e-18
138.810		9.48551e-18
138.840		9.45179e-18
138.869		9.58237e-18
138.899		9.54395e-18
138.929		9.67359e-18
138.958		9.57022e-18
138.987		9.61259e-18
139.017		9.68277e-18
139.047		9.59891e-18
139.076		9.58617e-18
139.105		9.56015e-18
139.134		9.65877e-18
139.163		9.59264e-18
139.192		9.59480e-18
139.222		9.66697e-18
139.252		9.60569e-18
139.281		9.59025e-18
139.310		9.58944e-18
139.341		9.56745e-18
139.370		9.56625e-18
139.399		9.57304e-18
139.429		9.62793e-18
139.458		9.67542e-18
139.487		9.70817e-18
139.518		9.68642e-18
139.546		9.81895e-18
139.575		9.85658e-18
139.605		9.86434e-18
139.634		9.87324e-18
139.664		9.91422e-18
139.694		1.00248e-17
139.723		9.93683e-18
139.753		1.00067e-17
139.781		1.00467e-17
139.811		1.00966e-17
139.840		1.01135e-17
139.870		1.01463e-17
139.899		1.01925e-17
139.929		1.02078e-17
139.958		1.02546e-17
139.987		1.03181e-17
140.017		1.02431e-17
140.047		1.02667e-17
140.077		1.02732e-17
140.105		1.02722e-17
140.134		1.03383e-17
140.165		1.03056e-17
140.194		1.02526e-17
140.224		1.03224e-17
140.253		1.03427e-17
140.281		1.04196e-17
140.311		1.04626e-17
140.340		1.04412e-17
140.370		1.04411e-17
140.401		1.05123e-17
140.429		1.05550e-17
140.458		1.05964e-17
140.489		1.07039e-17
140.518		1.07543e-17
140.546		1.08247e-17
140.576		1.08793e-17
140.604		1.08974e-17
140.634		1.09872e-17
140.663		1.09136e-17
140.692		1.09463e-17
140.721		1.09614e-17
140.750		1.09867e-17
140.779		1.10463e-17
140.809		1.10191e-17
140.838		1.10480e-17
140.868		1.11171e-17
140.897		1.10326e-17
140.927		1.11454e-17
140.957		1.11181e-17
140.985		1.11167e-17
141.015		1.10760e-17
141.045		1.11297e-17
141.075		1.11789e-17
141.103		1.12348e-17
141.133		1.11894e-17
141.162		1.12380e-17
141.192		1.12725e-17
141.222		1.12768e-17
141.251		1.13249e-17
141.281		1.13501e-17
141.309		1.13880e-17
141.339		1.13874e-17
141.368		1.14410e-17
141.398		1.15404e-17
141.427		1.15301e-17
141.457		1.15671e-17
141.486		1.15661e-17
141.515		1.16417e-17
141.545		1.16788e-17
141.575		1.17079e-17
141.603		1.17129e-17
141.633		1.17165e-17
141.663		1.17294e-17
141.692		1.17119e-17
141.722		1.16982e-17
141.751		1.16953e-17
141.780		1.17005e-17
141.809		1.17744e-17
141.840		1.17303e-17
141.868		1.17628e-17
141.899		1.17732e-17
141.928		1.17515e-17
141.957		1.17736e-17
141.986		1.18225e-17
142.016		1.18077e-17
142.045		1.18290e-17
142.075		1.18215e-17
142.103		1.18472e-17
142.133		1.20113e-17
142.163		1.19032e-17
142.193		1.19944e-17
142.221		1.19649e-17
142.252		1.20924e-17
142.280		1.20347e-17
142.310		1.21517e-17
142.340		1.21341e-17
142.369		1.20746e-17
142.398		1.21673e-17
142.428		1.21432e-17
142.457		1.22419e-17
142.486		1.22747e-17
142.516		1.22564e-17
142.546		1.22286e-17
142.575		1.22942e-17
142.604		1.23143e-17
142.634		1.22969e-17
142.663		1.23103e-17
142.693		1.24007e-17
142.722		1.23913e-17
142.752		1.22775e-17
142.782		1.23302e-17
142.811		1.23769e-17
142.840		1.24068e-17
142.870		1.24123e-17
142.899		1.24372e-17
142.929		1.24357e-17
142.959		1.24157e-17
142.988		1.24564e-17
143.018		1.25062e-17
143.047		1.25204e-17
143.077		1.25298e-17
143.107		1.25698e-17
143.137		1.25791e-17
143.166		1.26647e-17
143.195		1.26400e-17
143.225		1.26289e-17
143.254		1.26157e-17
143.283		1.26102e-17
143.314		1.26110e-17
143.343		1.26780e-17
143.371		1.26703e-17
143.402		1.26217e-17
143.431		1.26702e-17
143.461		1.26119e-17
143.490		1.26021e-17
143.519		1.26349e-17
143.548		1.26105e-17
143.578		1.26665e-17
143.607		1.26525e-17
143.637		1.25932e-17
143.666		1.25538e-17
143.696		1.25730e-17
143.725		1.25776e-17
143.754		1.25879e-17
143.785		1.26047e-17
143.813		1.25861e-17
143.843		1.25501e-17
143.872		1.25520e-17
143.901		1.26146e-17
143.931		1.25639e-17
143.960		1.26040e-17
143.990		1.25261e-17
144.019		1.25460e-17
144.049		1.24779e-17
144.078		1.25155e-17
144.108		1.25150e-17
144.137		1.24359e-17
144.166		1.24459e-17
144.196		1.24313e-17
144.225		1.23889e-17
144.254		1.24649e-17
144.284		1.23729e-17
144.313		1.23079e-17
144.343		1.22812e-17
144.372		1.22824e-17
144.402		1.22599e-17
144.432		1.22285e-17
144.460		1.22861e-17
144.491		1.22307e-17
144.520		1.22672e-17
144.549		1.22201e-17
144.578		1.21386e-17
144.607		1.21690e-17
144.636		1.21277e-17
144.665		1.20602e-17
144.695		1.20584e-17
144.724		1.20615e-17
144.752		1.19991e-17
144.782		1.19713e-17
144.812		1.19630e-17
144.841		1.20396e-17
144.870		1.20212e-17
144.899		1.19011e-17
144.930		1.18442e-17
144.958		1.18838e-17
144.988		1.18869e-17
145.018		1.18157e-17
145.046		1.18240e-17
145.076		1.17410e-17
145.106		1.18180e-17
145.135		1.16911e-17
145.165		1.17578e-17
145.194		1.17874e-17
145.224		1.17124e-17
145.253		1.16737e-17
145.283		1.16358e-17
145.311		1.16178e-17
145.341		1.16252e-17
145.371		1.15796e-17
145.399		1.15057e-17
145.430		1.14736e-17
145.459		1.14719e-17
145.489		1.14568e-17
145.518		1.15061e-17
145.548		1.14152e-17
145.577		1.13410e-17
145.606		1.13357e-17
145.635		1.13008e-17
145.665		1.12869e-17
145.694		1.12906e-17
145.724		1.11865e-17
145.752		1.11790e-17
145.783		1.11994e-17
145.812		1.11616e-17
145.842		1.11569e-17
145.871		1.11322e-17
145.901		1.10559e-17
145.929		1.10794e-17
145.959		1.09450e-17
145.989		1.09822e-17
146.018		1.09261e-17
146.048		1.09192e-17
146.077		1.09521e-17
146.107		1.08753e-17
146.136		1.08686e-17
146.165		1.08164e-17
146.195		1.07836e-17
146.223		1.08116e-17
146.253		1.07624e-17
146.284		1.07903e-17
146.312		1.06723e-17
146.341		1.07171e-17
146.371		1.07468e-17
146.400		1.06915e-17
146.430		1.07067e-17
146.459		1.07019e-17
146.489		1.06270e-17
146.518		1.06412e-17
146.547		1.06392e-17
146.578		1.06081e-17
146.608		1.05478e-17
146.637		1.05097e-17
146.667		1.05408e-17
146.697		1.04760e-17
146.726		1.05186e-17
146.756		1.04954e-17
146.785		1.04554e-17
146.815		1.04552e-17
146.844		1.04057e-17
146.874		1.04083e-17
146.903		1.04308e-17
146.932		1.03602e-17
146.962		1.03911e-17
146.991		1.03905e-17
147.022		1.03896e-17
147.051		1.03308e-17
147.080		1.03519e-17
147.109		1.03594e-17
147.139		1.03303e-17
147.168		1.03372e-17
147.197		1.02994e-17
147.227		1.02809e-17
147.257		1.02861e-17
147.286		1.02671e-17
147.315		1.02592e-17
147.345		1.02533e-17
147.375		1.03246e-17
147.403		1.02846e-17
147.434		1.01826e-17
147.462		1.02879e-17
147.491		1.02429e-17
147.522		1.02819e-17
147.551		1.02517e-17
147.581		1.02074e-17
147.609		1.02202e-17
147.640		1.01716e-17
147.668		1.02236e-17
147.698		1.01624e-17
147.728		1.01616e-17
147.757		1.01274e-17
147.786		1.01816e-17
147.816		1.01818e-17
147.845		1.01962e-17
147.874		1.01554e-17
147.904		1.01962e-17
147.934		1.00847e-17
147.963		1.01196e-17
147.992		1.01408e-17
148.021		1.00998e-17
148.052		1.01091e-17
148.080		1.01138e-17
148.110		1.01261e-17
148.139		1.01007e-17
148.169		1.01811e-17
148.198		1.00951e-17
148.228		1.00940e-17
148.257		1.01186e-17
148.286		1.01765e-17
148.316		1.01696e-17
148.345		1.01138e-17
148.375		1.01271e-17
148.404		1.01522e-17
148.434		1.01426e-17
148.464		1.01563e-17
148.492		1.01913e-17
148.521		1.01536e-17
148.551		1.02138e-17
148.579		1.02599e-17
148.609		1.02143e-17
148.638		1.02448e-17
148.667		1.02432e-17
148.695		1.02676e-17
148.726		1.02521e-17
148.754		1.02658e-17
148.784		1.03010e-17
148.814		1.02528e-17
148.843		1.03349e-17
148.873		1.02400e-17
148.901		1.03261e-17
148.931		1.03654e-17
148.962		1.03287e-17
148.990		1.03578e-17
149.020		1.03895e-17
149.050		1.03826e-17
149.078		1.03069e-17
149.109		1.03666e-17
149.137		1.03601e-17
149.167		1.03807e-17
149.196		1.04571e-17
149.226		1.05107e-17
149.255		1.04796e-17
149.285		1.04325e-17
149.314		1.04646e-17
149.344		1.04673e-17
149.373		1.04866e-17
149.402		1.04249e-17
149.431		1.04694e-17
149.461		1.05108e-17
149.490		1.05285e-17
149.521		1.04775e-17
149.549		1.05833e-17
149.579		1.05907e-17
149.608		1.06093e-17
149.638		1.06679e-17
149.667		1.06348e-17
149.697		1.06494e-17
149.726		1.06830e-17
149.756		1.07019e-17
149.784		1.06904e-17
149.814		1.07384e-17
149.844		1.07300e-17
149.873		1.07468e-17
149.902		1.07110e-17
149.933		1.07470e-17
149.961		1.07427e-17
149.991		1.07965e-17
150.021		1.07556e-17
150.050		1.08056e-17
150.080		1.07842e-17
150.108		1.09783e-17
150.138		1.08488e-17
150.168		1.08706e-17
150.197		1.08614e-17
150.227		1.08992e-17
150.256		1.09168e-17
150.285		1.09571e-17
150.315		1.09048e-17
150.344		1.08632e-17
150.374		1.08598e-17
150.402		1.09599e-17
150.432		1.10344e-17
150.462		1.10079e-17
150.491		1.09840e-17
150.521		1.10581e-17
150.550		1.10088e-17
150.580		1.10496e-17
150.609		1.10968e-17
150.639		1.11012e-17
150.669		1.10875e-17
150.698		1.11292e-17
150.728		1.11238e-17
150.757		1.11905e-17
150.787		1.12551e-17
150.818		1.12546e-17
150.847		1.13262e-17
150.877		1.13369e-17
150.906		1.13294e-17
150.935		1.13488e-17
150.965		1.13225e-17
150.994		1.13288e-17
151.023		1.13717e-17
151.052		1.13753e-17
151.083		1.14415e-17
151.112		1.13814e-17
151.141		1.14405e-17
151.171		1.14400e-17
151.200		1.14135e-17
151.229		1.13742e-17
151.260		1.14028e-17
151.289		1.14074e-17
151.317		1.14031e-17
151.348		1.13517e-17
151.376		1.14355e-17
151.407		1.14342e-17
151.435		1.14365e-17
151.465		1.14542e-17
151.494		1.14962e-17
151.524		1.15367e-17
151.554		1.15111e-17
151.582		1.15684e-17
151.613		1.16059e-17
151.641		1.16253e-17
151.671		1.16697e-17
151.700		1.15477e-17
151.730		1.17117e-17
151.759		1.16859e-17
151.789		1.17521e-17
151.818		1.17681e-17
151.847		1.18488e-17
151.877		1.18814e-17
151.906		1.19413e-17
151.936		1.19018e-17
151.965		1.19583e-17
151.994		1.19894e-17
152.024		1.19906e-17
152.053		1.19918e-17
152.084		1.20729e-17
152.112		1.20687e-17
152.142		1.21333e-17
152.171		1.21777e-17
152.201		1.21885e-17
152.230		1.21902e-17
152.260		1.22766e-17
152.288		1.22510e-17
152.319		1.23244e-17
152.348		1.23521e-17
152.377		1.22756e-17
152.406		1.23328e-17
152.435		1.23835e-17
152.464		1.24258e-17
152.493		1.23757e-17
152.522		1.23555e-17
152.551		1.23781e-17
152.580		1.24788e-17
152.610		1.23648e-17
152.640		1.23562e-17
152.669		1.23837e-17
152.698		1.23772e-17
152.729		1.24645e-17
152.758		1.24735e-17
152.786		1.24883e-17
152.816		1.24929e-17
152.846		1.25616e-17
152.875		1.25452e-17
152.904		1.26306e-17
152.933		1.26489e-17
152.963		1.26688e-17
152.993		1.27232e-17
153.022		1.27338e-17
153.052		1.27460e-17
153.081		1.27959e-17
153.111		1.28712e-17
153.139		1.29709e-17
153.169		1.29557e-17
153.199		1.29591e-17
153.228		1.30266e-17
153.258		1.30863e-17
153.288		1.30439e-17
153.317		1.31535e-17
153.345		1.31353e-17
153.375		1.31446e-17
153.404		1.32620e-17
153.434		1.32314e-17
153.463		1.32468e-17
153.493		1.32835e-17
153.523		1.32249e-17
153.551		1.32388e-17
153.582		1.33631e-17
153.611		1.32788e-17
153.640		1.32542e-17
153.669		1.32737e-17
153.699		1.32773e-17
153.728		1.33351e-17
153.758		1.33330e-17
153.787		1.33221e-17
153.817		1.32792e-17
153.847		1.33290e-17
153.875		1.33469e-17
153.905		1.33589e-17
153.934		1.32632e-17
153.964		1.33408e-17
153.993		1.33751e-17
154.022		1.33933e-17
154.053		1.33481e-17
154.082		1.34582e-17
154.112		1.34673e-17
154.140		1.35591e-17
154.170		1.35939e-17
154.200		1.35845e-17
154.228		1.36194e-17
154.258		1.36583e-17
154.288		1.36000e-17
154.317		1.37494e-17
154.347		1.37340e-17
154.377		1.37499e-17
154.406		1.38295e-17
154.435		1.38320e-17
154.463		1.38273e-17
154.493		1.38816e-17
154.523		1.39411e-17
154.553		1.39708e-17
154.583		1.40117e-17
154.613		1.39463e-17
154.642		1.39974e-17
154.672		1.39660e-17
154.701		1.39662e-17
154.731		1.40224e-17
154.760		1.40861e-17
154.790		1.40438e-17
154.819		1.39972e-17
154.849		1.40282e-17
154.878		1.39935e-17
154.908		1.40091e-17
154.938		1.39963e-17
154.967		1.39942e-17
154.996		1.39408e-17
155.026		1.39818e-17
155.056		1.39915e-17
155.084		1.40225e-17
155.114		1.39980e-17
155.143		1.39959e-17
155.173		1.41102e-17
155.202		1.40524e-17
155.231		1.40537e-17
155.261		1.41047e-17
155.290		1.41711e-17
155.320		1.41739e-17
155.350		1.42337e-17
155.378		1.42349e-17
155.408		1.43488e-17
155.438		1.42980e-17
155.468		1.44007e-17
155.496		1.43994e-17
155.526		1.44762e-17
155.555		1.44951e-17
155.585		1.45189e-17
155.615		1.45049e-17
155.644		1.45438e-17
155.674		1.46146e-17
155.703		1.45826e-17
155.732		1.46129e-17
155.761		1.46352e-17
155.791		1.46851e-17
155.820		1.46656e-17
155.849		1.46118e-17
155.879		1.45656e-17
155.909		1.45923e-17
155.938		1.46453e-17
155.968		1.46501e-17
155.997		1.46603e-17
156.027		1.46031e-17
156.056		1.45743e-17
156.086		1.46012e-17
156.114		1.46218e-17
156.144		1.45461e-17
156.174		1.46140e-17
156.203		1.45976e-17
156.232		1.45478e-17
156.262		1.45448e-17
156.291		1.45600e-17
156.320		1.45369e-17
156.349		1.46028e-17
156.378		1.45963e-17
156.408		1.46371e-17
156.437		1.46071e-17
156.466		1.46127e-17
156.495		1.46681e-17
156.525		1.47339e-17
156.554		1.47518e-17
156.583		1.47473e-17
156.613		1.47733e-17
156.642		1.48405e-17
156.672		1.48136e-17
156.700		1.49240e-17
156.730		1.49161e-17
156.760		1.49587e-17
156.790		1.50035e-17
156.819		1.50626e-17
156.849		1.50767e-17
156.877		1.50963e-17
156.908		1.51257e-17
156.936		1.51161e-17
156.966		1.51364e-17
156.995		1.51283e-17
157.024		1.51352e-17
157.054		1.51248e-17
157.083		1.50926e-17
157.113		1.50719e-17
157.142		1.51257e-17
157.172		1.51284e-17
157.201		1.50948e-17
157.231		1.50327e-17
157.260		1.49644e-17
157.290		1.50374e-17
157.318		1.50035e-17
157.349		1.50001e-17
157.377		1.49321e-17
157.407		1.49590e-17
157.436		1.49007e-17
157.466		1.49063e-17
157.495		1.48598e-17
157.525		1.48215e-17
157.554		1.49177e-17
157.584		1.48032e-17
157.613		1.48390e-17
157.643		1.47835e-17
157.672		1.47571e-17
157.702		1.47866e-17
157.730		1.48070e-17
157.760		1.48393e-17
157.790		1.48435e-17
157.819		1.49216e-17
157.849		1.49274e-17
157.879		1.49325e-17
157.907		1.49292e-17
157.937		1.49126e-17
157.966		1.48905e-17
157.995		1.49603e-17
158.025		1.50165e-17
158.055		1.50145e-17
158.085		1.50530e-17
158.113		1.51172e-17
158.142		1.51214e-17
158.173		1.51158e-17
158.201		1.51466e-17
158.231		1.51305e-17
158.261		1.51147e-17
158.289		1.51151e-17
158.319		1.50142e-17
158.349		1.49652e-17
158.379		1.49660e-17
158.408		1.49685e-17
158.438		1.49058e-17
158.468		1.49005e-17
158.498		1.47887e-17
158.527		1.47197e-17
158.557		1.47119e-17
158.587		1.46229e-17
158.616		1.46060e-17
158.646		1.45665e-17
158.675		1.45204e-17
158.705		1.44676e-17
158.734		1.44915e-17
158.763		1.44357e-17
158.793		1.44748e-17
158.822		1.44571e-17
158.851		1.44006e-17
158.882		1.43774e-17
158.911		1.43467e-17
158.940		1.43359e-17
158.969		1.42672e-17
158.999		1.42821e-17
159.028		1.43158e-17
159.058		1.42626e-17
159.088		1.43006e-17
159.116		1.43110e-17
159.145		1.43011e-17
159.176		1.42825e-17
159.204		1.43177e-17
159.234		1.43719e-17
159.263		1.44089e-17
159.294		1.43514e-17
159.322		1.43417e-17
159.352		1.43596e-17
159.381		1.44148e-17
159.410		1.43715e-17
159.440		1.44206e-17
159.469		1.44261e-17
159.499		1.44155e-17
159.529		1.43590e-17
159.558		1.42952e-17
159.588		1.42909e-17
159.616		1.42595e-17
159.646		1.42033e-17
159.676		1.42123e-17
159.706		1.41409e-17
159.734		1.41131e-17
159.763		1.40884e-17
159.794		1.41179e-17
159.823		1.40108e-17
159.853		1.39671e-17
159.881		1.38898e-17
159.911		1.38294e-17
159.940		1.37727e-17
159.970		1.37543e-17
159.999		1.37540e-17
160.029		1.37239e-17
160.058		1.36860e-17
160.088		1.36363e-17
160.117		1.36255e-17
160.146		1.36125e-17
160.176		1.36006e-17
160.205		1.35172e-17
160.235		1.35011e-17
160.264		1.35406e-17
160.293		1.34602e-17
160.322		1.34694e-17
160.352		1.34621e-17
160.381		1.34105e-17
160.410		1.34532e-17
160.439		1.33916e-17
160.468		1.34616e-17
160.497		1.34593e-17
160.527		1.35031e-17
160.556		1.34147e-17
160.586		1.35076e-17
160.615		1.34595e-17
160.645		1.34781e-17
160.673		1.34734e-17
160.703		1.33954e-17
160.732		1.34547e-17
160.762		1.34076e-17
160.792		1.34249e-17
160.821		1.33965e-17
160.850		1.33636e-17
160.880		1.32608e-17
160.909		1.33119e-17
160.939		1.32153e-17
160.968		1.31499e-17
160.998		1.30305e-17
161.026		1.30730e-17
161.056		1.29597e-17
161.086		1.28950e-17
161.116		1.28500e-17
161.144		1.27785e-17
161.174		1.26793e-17
161.203		1.26076e-17
161.233		1.25645e-17
161.261		1.24546e-17
161.292		1.24633e-17
161.321		1.23468e-17
161.351		1.23565e-17
161.380		1.23455e-17
161.410		1.22500e-17
161.439		1.22793e-17
161.469		1.22083e-17
161.497		1.21963e-17
161.528		1.20864e-17
161.556		1.20502e-17
161.587		1.20129e-17
161.615		1.19627e-17
161.645		1.19126e-17
161.673		1.19343e-17
161.704		1.19130e-17
161.734		1.18424e-17
161.762		1.18956e-17
161.792		1.18649e-17
161.821		1.18963e-17
161.851		1.19172e-17
161.880		1.18513e-17
161.910		1.18253e-17
161.939		1.17994e-17
161.969		1.17976e-17
161.997		1.17998e-17
162.028		1.17854e-17
162.057		1.17406e-17
162.086		1.17159e-17
162.116		1.16519e-17
162.146		1.15938e-17
162.174		1.15466e-17
162.204		1.14675e-17
162.233		1.14359e-17
162.264		1.12886e-17
162.292		1.12435e-17
162.322		1.11627e-17
162.352		1.10336e-17
162.381		1.10195e-17
162.411		1.09240e-17
162.441		1.08789e-17
162.471		1.08235e-17
162.500		1.06888e-17
162.529		1.06281e-17
162.559		1.05407e-17
162.588		1.04627e-17
162.618		1.03997e-17
162.647		1.03628e-17
162.677		1.03577e-17
162.706		1.02343e-17
162.736		1.02555e-17
162.766		1.01519e-17
162.796		1.01045e-17
162.824		1.01187e-17
162.854		1.00765e-17
162.883		1.00033e-17
162.913		1.00591e-17
162.942		9.96661e-18
162.972		9.92301e-18
163.001		9.89115e-18
163.031		9.92202e-18
163.060		9.83459e-18
163.089		9.85785e-18
163.119		9.78313e-18
163.148		9.75512e-18
163.177		9.74041e-18
163.207		9.67819e-18
163.236		9.67943e-18
163.267		9.63815e-18
163.295		9.68809e-18
163.324		9.66479e-18
163.355		9.60336e-18
163.383		9.61297e-18
163.414		9.54477e-18
163.442		9.56348e-18
163.473		9.50584e-18
163.501		9.42998e-18
163.531		9.38135e-18
163.560		9.29666e-18
163.589		9.25194e-18
163.619		9.21474e-18
163.648		9.14667e-18
163.678		9.02153e-18
163.708		8.94981e-18
163.736		8.81435e-18
163.766		8.84279e-18
163.796		8.71801e-18
163.825		8.66263e-18
163.855		8.66369e-18
163.884		8.54650e-18
163.913		8.45956e-18
163.943		8.37385e-18
163.972		8.35350e-18
164.002		8.31385e-18
164.031		8.25874e-18
164.061		8.17339e-18
164.089		8.10413e-18
164.120		8.08007e-18
164.149		8.06996e-18
164.178		8.03019e-18
164.207		7.93592e-18
164.236		7.89307e-18
164.265		7.82910e-18
164.294		7.80367e-18
164.323		7.80284e-18
164.352		7.75903e-18
164.382		7.74134e-18
164.410		7.70511e-18
164.440		7.72225e-18
164.470		7.68356e-18
164.499		7.65528e-18
164.529		7.55525e-18
164.558		7.56809e-18
164.588		7.49961e-18
164.617		7.53411e-18
164.647		7.50406e-18
164.676		7.47616e-18
164.705		7.52025e-18
164.735		7.38087e-18
164.764		7.37061e-18
164.794		7.32911e-18
164.822		7.28208e-18
164.852		7.21613e-18
164.882		7.13780e-18
164.911		7.12231e-18
164.941		7.10822e-18
164.971		7.00029e-18
164.999		6.95280e-18
165.030		6.82566e-18
165.059		6.74925e-18
165.088		6.71826e-18
165.117		6.63480e-18
165.147		6.50645e-18
165.176		6.46930e-18
165.206		6.43126e-18
165.235		6.37845e-18
165.265		6.26934e-18
165.294		6.20299e-18
165.324		6.18059e-18
165.352		6.11018e-18
165.383		6.07423e-18
165.411		6.07386e-18
165.441		5.98997e-18
165.471		5.95287e-18
165.501		5.88691e-18
165.530		5.80171e-18
165.559		5.73923e-18
165.588		5.73205e-18
165.618		5.74376e-18
165.647		5.68143e-18
165.677		5.63432e-18
165.706		5.61960e-18
165.736		5.61200e-18
165.765		5.60050e-18
165.795		5.54278e-18
165.823		5.58013e-18
165.853		5.46553e-18
165.883		5.43482e-18
165.912		5.41777e-18
165.942		5.36824e-18
165.971		5.39887e-18
166.000		5.32577e-18
166.030		5.31311e-18
166.059		5.24447e-18
166.088		5.20115e-18
166.119		5.18782e-18
166.148		5.12566e-18
166.177		5.07792e-18
166.207		4.99115e-18
166.235		5.02635e-18
166.265		4.92311e-18
166.295		4.93992e-18
166.325		4.82803e-18
166.355		4.82139e-18
166.384		4.75160e-18
166.414		4.67621e-18
166.444		4.59019e-18
166.474		4.59346e-18
166.503		4.51279e-18
166.533		4.49843e-18
166.562		4.39237e-18
166.592		4.40353e-18
166.621		4.30524e-18
166.651		4.28750e-18
166.680		4.23063e-18
166.709		4.23286e-18
166.738		4.18750e-18
166.769		4.16084e-18
166.798		4.09191e-18
166.827		4.08161e-18
166.856		4.02555e-18
166.886		3.96101e-18
166.915		3.92316e-18
166.945		3.89523e-18
166.974		3.85656e-18
167.004		3.90583e-18
167.033		3.82806e-18
167.062		3.81165e-18
167.092		3.74825e-18
167.121		3.77685e-18
167.151		3.70549e-18
167.179		3.69884e-18
167.210		3.66163e-18
167.238		3.62440e-18
167.269		3.56430e-18
167.297		3.54804e-18
167.327		3.54234e-18
167.356		3.52632e-18
167.386		3.51135e-18
167.415		3.46151e-18
167.445		3.44697e-18
167.475		3.40167e-18
167.503		3.36483e-18
167.533		3.26383e-18
167.563		3.28764e-18
167.592		3.18100e-18
167.621		3.19315e-18
167.651		3.14986e-18
167.681		3.13485e-18
167.709		3.10830e-18
167.739		3.04035e-18
167.769		3.01696e-18
167.798		2.96784e-18
167.828		2.91398e-18
167.857		2.85080e-18
167.886		2.84234e-18
167.915		2.74657e-18
167.946		2.72536e-18
167.974		2.67100e-18
168.004		2.66234e-18
168.033		2.60233e-18
168.064		2.59484e-18
168.092		2.53552e-18
168.121		2.55056e-18
168.152		2.49191e-18
168.181		2.40695e-18
168.210		2.46456e-18
168.239		2.42423e-18
168.267		2.42334e-18
168.297		2.39355e-18
168.326		2.38307e-18
168.354		2.39284e-18
168.384		2.39238e-18
168.414		2.40065e-18
168.443		2.41347e-18
168.473		2.36593e-18
168.501		2.36702e-18
168.531		2.32208e-18
168.561		2.29866e-18
168.590		2.27694e-18
168.619		2.20335e-18
168.649		2.19337e-18
168.679		2.16366e-18
168.708		2.17181e-18
168.737		2.14727e-18
168.766		2.13390e-18
168.796		2.08381e-18
168.825		2.05625e-18
168.855		2.03690e-18
168.884		1.93470e-18
168.914		1.90367e-18
168.943		1.87761e-18
168.973		1.88093e-18
169.002		1.83645e-18
169.032		1.82168e-18
169.061		1.83272e-18
169.091		1.73156e-18
169.119		1.77940e-18
169.150		1.69636e-18
169.178		1.66897e-18
169.208		1.62046e-18
169.237		1.61265e-18
169.267		1.55869e-18
169.296		1.55860e-18
169.326		1.56686e-18
169.355		1.54112e-18
169.385		1.49466e-18
169.414		1.54167e-18
169.444		1.46809e-18
169.472		1.47462e-18
169.502		1.48606e-18
169.532		1.43004e-18
169.561		1.43359e-18
169.591		1.40643e-18
169.619		1.43115e-18
169.649		1.37090e-18
169.679		1.37342e-18
169.708		1.38661e-18
169.738		1.34582e-18
169.767		1.35116e-18
169.797		1.34691e-18
169.827		1.32305e-18
169.855		1.34617e-18
169.885		1.27002e-18
169.915		1.26838e-18
169.944		1.28601e-18
169.973		1.28612e-18
170.002		1.33313e-18
170.032		1.30031e-18
170.061		1.32008e-18
170.091		1.24700e-18
170.120		1.24765e-18
170.150		1.24203e-18
170.179		1.24695e-18
170.209		1.20446e-18
170.239		1.19091e-18
170.268		1.20430e-18
170.298		1.17191e-18
170.327		1.15041e-18
170.357		1.14190e-18
170.387		1.12045e-18
170.416		1.06407e-18
170.446		1.08239e-18
170.476		1.04235e-18
170.505		1.02195e-18
170.535		1.03066e-18
170.565		1.02323e-18
170.594		9.8006e-19
170.623		9.3893e-19
170.652		9.9409e-19
170.683		9.6231e-19
170.712		9.5331e-19
170.741		9.7106e-19
170.770		9.4800e-19
170.799		9.2200e-19
170.830		8.4814e-19
170.858		8.5713e-19
170.888		8.2145e-19
170.917		8.1942e-19
170.947		7.9357e-19
170.976		7.8607e-19
171.006		7.6573e-19
171.035		8.2644e-19
171.065		7.6991e-19
171.094		7.4841e-19
171.124		7.0968e-19
171.153		7.3002e-19
171.183		6.8372e-19
171.211		7.0822e-19
171.241		6.7724e-19
171.271		6.9840e-19
171.300		6.6968e-19
171.329		6.8253e-19
171.360		6.7539e-19
171.388		6.2724e-19
171.418		6.6737e-19
171.447		6.6096e-19
171.476		6.4353e-19
171.506		5.9553e-19
171.535		6.0207e-19
171.565		5.9524e-19
171.595		5.5955e-19
171.623		5.9862e-19
171.653		5.8937e-19
171.683		6.2725e-19
171.712		5.9107e-19
171.742		5.6985e-19
171.770		5.7101e-19
171.801		5.8126e-19
171.829		5.3517e-19
171.859		5.6848e-19
171.889		5.0701e-19
171.918		5.4996e-19
171.948		5.7439e-19
171.977		5.5457e-19
172.006		5.3633e-19
172.035		4.9677e-19
172.064		5.1383e-19
172.093		4.8572e-19
172.122		4.5355e-19
172.151		3.9305e-19
172.180		4.0879e-19
172.210		4.1864e-19
172.239		3.3005e-19
172.268		3.8225e-19
172.298		3.8514e-19
172.327		3.8975e-19
172.357		4.2819e-19
172.386		3.5189e-19
172.416		3.2260e-19
172.446		3.5463e-19
172.474		3.3113e-19
172.504		3.2654e-19
172.534		3.4716e-19
172.563		3.1273e-19
172.593		3.1479e-19
172.621		3.7659e-19
172.651		3.8876e-19
172.681		3.5054e-19
172.709		3.2562e-19
172.740		2.9659e-19
172.770		2.9400e-19
172.798		2.9525e-19
172.828		2.6771e-19
172.857		2.5294e-19
172.887		2.8431e-19
172.917		2.6253e-19
172.946		2.9044e-19
172.975		3.0495e-19
173.004		2.6120e-19
173.034		2.5258e-19
173.063		2.4714e-19
173.093		2.0551e-19
173.122		2.3029e-19
173.152		2.3293e-19
173.181		2.3577e-19
173.211		2.1399e-19
173.240		2.3740e-19
173.270		2.3306e-19
173.299		2.5834e-19
173.328		2.3700e-19
173.358		2.2396e-19
173.387		2.3159e-19
173.416		2.4616e-19
173.446		2.3132e-19
173.475		1.9856e-19
173.505		2.1346e-19
173.534		1.9351e-19
173.564		2.1063e-19
173.593		2.4482e-19
173.623		2.2082e-19
173.652		2.1047e-19
173.681		2.3228e-19
173.710		2.1395e-19
173.740		1.9056e-19
173.770		1.9629e-19
173.798		1.7099e-19
173.828		1.3350e-19
173.858		9.536e-20
173.888		9.760e-20
173.916		1.3579e-19
173.946		4.4720e-20
173.976		1.0181e-19
174.004		1.1477e-19
174.034		1.2826e-19
174.064		1.3778e-19
174.093		8.636e-20
174.122		1.2234e-19
174.152		9.289e-20
174.182		1.2145e-19
174.210		1.2919e-19
174.240		1.2720e-19
174.270		1.8219e-19
174.299		1.1109e-19
174.329		1.4210e-19
174.359		1.0556e-19
174.389		1.0803e-19
174.419		1.2400e-19
174.448		9.154e-20
174.477		9.898e-20
174.508		9.173e-20
174.537		7.947e-20
174.567		1.0672e-19
174.597		1.2322e-19
174.626		1.4628e-19
174.655		1.2435e-19
174.684		1.3641e-19
174.713		1.1951e-19
174.744		1.2798e-19
174.772		8.574e-20
174.802		1.0101e-19
174.831		1.0541e-19
174.862		7.848e-20
174.890		1.2896e-19
174.919		1.4696e-19
174.950		1.0094e-19
174.978		1.0646e-19
175.009		1.3465e-19
175.038		1.0354e-19
175.067		5.419e-20
175.096		7.126e-20
175.126		2.737e-20
175.155		7.634e-20
175.185		4.833e-20
175.214		5.682e-20
175.244		6.331e-20
175.273		1.2075e-19
175.303		1.1587e-19
175.332		9.434e-20
175.362		8.469e-20
175.390		6.615e-20
175.420		8.842e-20
175.449		7.088e-20
175.479		8.102e-20
175.509		1.259e-20
175.538		4.195e-20
175.567		1.1272e-19
175.597		3.258e-20
175.627		2.011e-20
175.655		7.381e-20
175.685		4.469e-20
175.714		3.948e-20
175.744		4.565e-20
175.773		3.444e-20
175.803		1.112e-20
175.832		6.963e-20
175.862		6.760e-20
175.891		6.434e-20
175.920		4.698e-20
175.950		5.096e-20
175.979		3.669e-20
176.008		4.237e-20
176.037		1.773e-20
176.065		2.799e-20
176.095		3.630e-20
176.125		1.061e-20
176.154		5.501e-20
176.183		1.892e-20
176.212		7.228e-20
176.242		6.539e-20
176.271		7.708e-20
176.301		1.2323e-19
176.330		1.0124e-19
176.360		6.091e-20
176.388		2.790e-20
176.418		4.991e-20
176.448		4.470e-20
176.477		9.42e-21
176.506		3.297e-20
176.536		3.459e-20
176.565		1.0053e-19
176.595		7.485e-20
176.624		5.972e-20
176.654		4.421e-20
176.683		2.640e-20
176.713		8.159e-20
176.742		1.888e-20
176.801		1.443e-20
176.830		1.684e-20
176.860		1.291e-20
176.889		2.841e-20
176.918		5.216e-20
176.947		4.239e-20
176.977		4.924e-20
177.007		3.125e-20
177.037		3.244e-20
177.065		2.063e-20
177.096		3.098e-20
177.124		3.441e-20
177.154		2.901e-20
177.183		6.208e-20
177.213		4.160e-20
177.242		5.162e-20
177.272		6.689e-20
177.301		7.605e-20
177.331		6.740e-20
177.360		3.351e-20
177.390		7.019e-20
177.418		6.510e-20
177.449		3.557e-20
177.477		8.28e-21
177.507		9.47e-21
177.536		3.308e-20
177.566		5.02e-21
177.596		8.29e-21
177.624		3.015e-20
177.654		1.358e-20
177.684		3.98e-21
177.712		2.99195e-22
177.742		2.622e-20
177.772		7.45711e-22
177.802		4.506e-20
177.831		3.643e-20
177.861		3.991e-20
177.889		8.739e-20
177.919		5.712e-20
177.949		9.562e-20
177.977		8.252e-20
178.007		6.751e-20
178.037		3.025e-20
178.066		6.318e-20
178.095		4.618e-20
178.125		4.733e-20
178.155		4.469e-20
178.185		6.093e-20
178.215		1.0552e-19
178.244		1.0128e-19
178.274		8.515e-20
178.303		8.999e-20
178.333		1.0186e-19
178.363		9.523e-20
178.392		9.867e-20
178.422		7.823e-20
178.452		6.965e-20
178.481		5.380e-20
178.510		6.835e-20
178.540		8.995e-20
178.569		7.433e-20
178.599		5.330e-20
178.628		5.447e-20
178.657		7.384e-20
178.687		3.802e-20
178.716		1.768e-20
178.746		7.612e-20
178.775		6.430e-20
178.804		8.033e-20
178.834		5.379e-20
178.863		8.880e-20
178.893		9.327e-20
178.922		7.471e-20
178.952		9.473e-20
178.980		4.976e-20
179.011		4.645e-20
179.040		4.576e-20
179.070		4.871e-20
179.099		5.647e-20
179.129		8.274e-20
179.157		6.826e-20
179.187		9.549e-20
179.216		8.724e-20
179.246		6.362e-20
179.275		3.727e-20
179.305		6.187e-20
179.334		1.247e-20
179.392		7.15e-21
179.452		2.065e-20
179.482		6.39e-21
179.511		1.762e-20
179.540		5.817e-20
179.570		6.271e-20
179.599		5.187e-20
179.629		7.854e-20
179.658		5.785e-20
179.688		2.651e-20
179.716		2.802e-20
179.747		5.250e-20
179.775		3.896e-20
179.806		1.721e-20
179.834		4.083e-20
179.864		3.731e-20
179.893		5.452e-20
179.923		5.380e-20
179.953		3.322e-20
179.979		2.227e-20