bin   short   long     flux       H         H2          O          O2         CO        CO2         C           S          N          N2         NO        CH4        HCN       C2H2      H2O        He
============================================================================================================================================================================================================
  1      0      2   1.00E-01   6.68E-26   1.40E-21   5.00E-20   1.00E-19   1.00E-19   1.00E-19   5.00E-20   1.00E-19   5.00E-20   1.00E-19   1.00E-19   1.00E-19   1.00E-19   1.00E-19   1.00E-19   1.00E-25
  2      2      4   3.00E+01   5.34E-25   2.80E-21   5.00E-20   1.00E-19   1.00E-19   1.00E-19   5.00E-20   1.00E-19   5.00E-20   1.00E-19   1.00E-19   1.00E-19   1.00E-19   1.00E-19   1.00E-19   1.00E-24
  3      4      6   2.50E+03   1.80E-24   4.20E-21   5.00E-20   1.00E-19   1.00E-19   1.00E-19   5.00E-20   1.00E-19   5.00E-20   1.00E-19   1.00E-19   1.00E-19   1.00E-19   1.00E-19   1.00E-19   1.00E-23
  4      6      8   2.80E+04   4.27E-24   5.60E-21   5.00E-20   1.00E-19   1.00E-19   1.00E-19   5.00E-20   1.00E-19   5.00E-20   1.00E-19   1.00E-19   1.00E-19   1.00E-19   1.00E-19   1.00E-19   3.00E-22
  5      8     10   1.80E+05   8.34E-24   7.00E-21   5.00E-20   1.00E-19   1.00E-19   1.00E-19   5.00E-20   1.00E-19   5.00E-20   1.00E-19   1.00E-19   1.00E-19   1.00E-19   1.00E-19   1.00E-19   1.00E-22
  6     10     40   4.00E+06   5.34E-22   1.00E-20   1.00E-19   2.00E-19   2.00E-19   2.00E-19   1.00E-19   2.00E-19   1.00E-19   2.00E-19   2.00E-19   2.00E-19   2.00E-19   2.00E-19   2.00E-19   1.75E-22
  7     40     50   4.70E+07   1.04E-21   2.00E-20   1.50E-19   3.00E-19   3.00E-19   3.00E-19   1.50E-19   3.00E-19   1.50E-19   3.00E-19   3.00E-19   3.00E-19   3.00E-19   3.00E-19   3.00E-19   2.13E-22
  8     50     60   8.30E+07   1.80E-21   3.00E-20   2.50E-19   5.00E-19   5.00E-19   5.00E-19   2.50E-19   5.00E-19   2.50E-19   5.00E-19   5.00E-19   5.00E-19   5.00E-19   5.00E-19   5.00E-19   3.01E-21
  9     60     70   1.03E+08   2.86E-21   4.00E-20   3.25E-19   6.50E-19   6.50E-19   6.50E-19   3.25E-19   6.50E-19   3.25E-19   6.50E-19   6.50E-19   6.50E-19   6.50E-19   6.50E-19   6.50E-19   4.85E-21
 10     70     80   9.40E+07   4.27E-21   5.00E-20   4.00E-19   8.00E-19   8.00E-19   8.00E-19   4.00E-19   8.00E-19   4.00E-19   8.00E-19   8.00E-19   8.00E-19   8.00E-19   8.00E-19   8.00E-19   7.45E-21
 11     80     90   1.20E+08   6.08E-21   6.00E-20   6.50E-19   1.30E-18   1.30E-18   1.30E-18   6.50E-19   1.30E-18   6.50E-19   1.30E-18   1.30E-18   1.30E-18   1.30E-18   1.30E-18   1.30E-18   8.33E-21
 12     90    100   9.90E+07   8.34E-21   8.00E-20   9.00E-19   1.80E-18   1.80E-18   1.80E-18   9.00E-19   1.80E-18   9.00E-19   1.80E-18   1.80E-18   1.80E-18   1.80E-18   1.80E-18   1.80E-18   1.21E-20
 13    100    110   5.60E+07   1.11E-20   1.00E-19   1.10E-18   2.20E-18   2.20E-18   2.20E-18   1.10E-18   2.20E-18   1.10E-18   2.20E-18   2.20E-18   2.20E-18   2.20E-18   2.20E-18   2.20E-18   1.60E-20
 14    110    120   2.50E+07   1.44E-20   1.30E-19   1.35E-18   2.70E-18   2.70E-18   2.70E-18   1.35E-18   2.70E-18   1.35E-18   2.70E-18   2.70E-18   2.70E-18   2.70E-18   2.70E-18   2.70E-18   2.00E-20
 15    120    128   1.20E+07   1.75E-20   1.50E-19   1.65E-18   3.30E-18   3.30E-18   3.30E-18   1.65E-18   3.30E-18   1.65E-18   3.30E-18   3.30E-18   3.30E-18   3.30E-18   3.30E-18   3.30E-18   2.50E-20
 16    128    153   3.07E+08   2.99E-20   2.00E-19   2.00E-18   4.00E-18   4.00E-18   4.00E-18   2.00E-18   4.00E-18   2.00E-18   4.00E-18   4.00E-18   4.00E-18   4.00E-18   4.00E-18   4.00E-18   1.63E-20
 17    153    176   9.00E+08   4.55E-20   2.50E-19   3.00E-18   6.00E-18   6.00E-18   6.00E-18   3.00E-18   6.00E-18   3.00E-18   6.00E-18   6.00E-18   6.00E-18   6.00E-18   6.00E-18   6.00E-18   3.33E-20
 18    176    205   9.70E+09   7.19E-20   3.00E-19   4.00E-18   8.00E-18   8.00E-18   8.00E-18   4.00E-18   8.00E-18   4.00E-18   8.00E-18   8.00E-18   8.00E-18   8.00E-18   8.00E-18   8.00E-18   1.03E-20
 19    205    231   1.40E+09   1.03E-19   4.00E-19   5.00E-18   1.00E-17   1.00E-17   1.00E-17   5.00E-18   1.00E-17   5.00E-18   1.00E-17   1.00E-17   1.00E-17   1.00E-17   1.00E-17   1.00E-17   4.29E-20
 20    231    270   2.65E+09   1.64E-19   5.00E-19   6.00E-18   1.20E-17   1.20E-17   1.20E-17   6.00E-18   1.20E-17   6.00E-18   1.20E-17   1.20E-17   1.20E-17   1.20E-17   1.20E-17   1.20E-17   3.77E-20
 21    270    280   4.50E+08   1.83E-19   5.00E-19   7.00E-18   1.40E-17   1.40E-17   1.40E-17   7.00E-18   1.40E-17   7.00E-18   1.40E-17   1.40E-17   1.40E-17   1.40E-17   1.40E-17   1.40E-17   2.22E-19
 22    280    300   1.54E+09   2.25E-19   5.00E-19   7.50E-18   1.50E-17   1.50E-17   1.50E-17   7.50E-18   1.50E-17   7.50E-18   1.50E-17   1.50E-17   1.50E-17   1.50E-17   1.50E-17   1.50E-17   1.04E-19
 23    300    320   5.84E+09   2.73E-19   1.00E-18   8.00E-18   1.60E-17   1.60E-17   1.60E-17   8.00E-18   1.60E-17   8.00E-18   1.60E-17   1.60E-17   1.60E-17   1.60E-17   1.60E-17   1.60E-17   1.37E-19
 24    320    340   1.16E+09   3.28E-19   1.20E-18   8.50E-18   1.70E-17   1.70E-17   1.70E-17   8.50E-18   1.70E-17   8.50E-18   1.70E-17   1.70E-17   1.70E-17   1.70E-17   1.70E-17   1.70E-17   1.38E-19
 25    340    360   4.50E+08   3.89E-19   1.50E-18   9.00E-18   1.80E-17   1.80E-17   1.80E-17   9.00E-18   1.80E-17   9.00E-18   1.80E-17   1.80E-17   1.80E-17   1.80E-17   1.80E-17   1.80E-17   2.00E-19
 26    360    370   1.31E+09   4.23E-19   2.50E-18   9.50E-18   1.90E-17   1.90E-17   1.90E-17   9.50E-18   1.90E-17   9.50E-18   1.90E-17   1.90E-17   1.90E-17   1.90E-17   1.90E-17   1.90E-17   3.82E-19
 27    370    400   1.77E+08   5.34E-19   2.50E-18   1.00E-17   2.00E-17   2.00E-17   2.00E-17   1.00E-17   2.00E-17   1.00E-17   2.00E-17   2.00E-17   2.00E-17   2.00E-17   2.00E-17   2.00E-17   1.69E-19
 28    400    430   2.76E+08   6.63E-19   2.50E-18   1.00E-17   2.00E-17   2.00E-17   2.00E-17   1.00E-17   2.00E-17   1.00E-17   2.00E-17   2.00E-17   2.00E-17   2.00E-17   2.00E-17   2.00E-17   2.54E-19
 29    430    460   1.77E+08   8.12E-19   2.50E-18   1.00E-17   2.00E-17   2.00E-17   2.00E-17   1.00E-17   2.00E-17   1.00E-17   2.00E-17   2.00E-17   2.00E-17   2.00E-17   2.00E-17   2.00E-17   2.82E-19
 30    460    480   2.12E+08   9.23E-19   3.50E-18   1.10E-17   2.20E-17   2.20E-17   2.20E-17   1.10E-17   2.20E-17   1.10E-17   2.20E-17   2.20E-17   2.20E-17   2.20E-17   2.20E-17   2.20E-17   4.72E-19
 31    480    500   4.32E+08   1.04E-18   3.30E-18   1.10E-17   2.20E-17   2.20E-17   2.20E-17   1.10E-17   2.20E-17   1.10E-17   2.20E-17   2.20E-17   2.20E-17   2.20E-17   2.20E-17   2.20E-17   4.63E-19
 32    500    520   6.32E+08   1.17E-18   3.30E-18   1.50E-17   2.20E-17   2.20E-17   2.20E-17   1.50E-17   2.20E-17   1.00E-17   2.20E-17   2.20E-17   2.20E-17   2.20E-17   2.20E-17   2.20E-17   1.11E-19
 33    520    540   2.42E+08   1.31E-18   4.30E-18   1.50E-17   2.50E-27   1.50E-17   3.00E-17   1.50E-17   1.50E-17   1.00E-17   1.50E-17   2.50E-17   2.50E-17   2.00E-17   2.00E-17   2.00E-17   0.00E+00
 34    540    560   3.62E+08   1.47E-18   4.30E-18   1.50E-17   2.50E-27   1.50E-17   3.00E-17   1.50E-17   1.50E-17   1.00E-17   1.50E-17   2.50E-17   2.50E-17   2.00E-17   3.00E-17   2.00E-17   0.00E+00
 35    560    580   5.17E+07   1.63E-18   5.30E-18   1.50E-17   2.50E-27   1.50E-17   3.00E-17   1.50E-17   1.50E-17   1.00E-17   1.50E-17   2.50E-17   3.00E-17   2.00E-17   3.00E-17   2.00E-17   0.00E+00
 36    580    600   1.02E+09   1.80E-18   6.30E-18   1.50E-17   2.50E-27   2.00E-17   3.00E-17   1.50E-17   2.00E-17   1.00E-17   1.50E-17   2.50E-17   3.00E-17   2.00E-17   3.00E-17   2.00E-17   0.00E+00
 37    600    620   5.20E+08   1.99E-18   6.30E-18   1.50E-17   2.50E-27   2.00E-17   3.00E-17   1.50E-17   2.00E-17   1.00E-17   1.50E-17   2.50E-17   3.00E-17   2.00E-17   3.00E-17   2.00E-17   0.00E+00
 38    620    630   1.20E+09   2.09E-18   7.10E-18   1.50E-17   2.50E-27   2.00E-17   4.00E-17   1.50E-17   2.00E-17   1.00E-17   1.50E-17   2.50E-17   3.00E-17   2.00E-17   4.00E-17   1.93E-17   0.00E+00
 39    630    680   1.15E+08   2.62E-18   8.10E-18   1.50E-17   2.50E-27   2.00E-17   4.00E-17   1.50E-17   2.00E-17   1.00E-17   1.50E-17   2.50E-17   3.00E-17   2.00E-17   4.00E-17   1.86E-17   0.00E+00
 40    680    710   3.39E+08   2.99E-18   8.10E-18   1.50E-17   2.50E-27   2.00E-17   4.00E-17   1.50E-17   3.00E-17   1.00E-17   1.50E-17   2.00E-17   4.00E-17   2.00E-17   4.00E-17   1.83E-17   0.00E+00
 41    710    740   1.59E+08   3.38E-18   8.10E-18   1.50E-17   2.50E-27   2.00E-17   4.00E-17   1.50E-17   3.00E-17   1.00E-17   1.20E-17   2.00E-17   4.00E-17   3.00E-17   4.00E-17   1.66E-17   0.00E+00
 42    740    770   5.19E+08   3.81E-18   8.00E-18   5.00E-18   1.00E-17   2.00E-17   4.00E-17   1.50E-17   3.00E-17   1.00E-17   1.00E-17   1.50E-17   4.00E-17   3.00E-17   4.00E-17   1.55E-17   0.00E+00
 43    770    780   4.00E+08   3.96E-18   6.00E-18   5.00E-18   1.00E-17   2.00E-17   1.50E-17   1.50E-17   3.00E-17   1.00E-17   1.00E-17   1.50E-17   4.00E-17   3.00E-17   5.00E-17   1.45E-17   0.00E+00
 44    780    790   5.00E+08   4.11E-18   0.00E+00   5.00E-18   1.00E-17   2.00E-17   1.50E-17   1.50E-17   3.00E-17   1.00E-17   0.00E+00   1.00E-17   4.00E-17   3.00E-17   5.00E-17   1.34E-17   0.00E+00
 45    790    800   4.00E+08   4.27E-18   0.00E+00   5.00E-18   1.00E-17   2.00E-17   1.50E-17   1.50E-17   3.00E-17   1.00E-17   0.00E+00   1.00E-17   3.00E-17   3.00E-17   5.00E-17   1.31E-17   0.00E+00
 46    800    830   8.07E+08   4.77E-18   0.00E+00   5.00E-18   4.00E-18   2.00E-17   1.50E-17   1.50E-17   3.00E-17   1.00E-17   0.00E+00   1.00E-17   3.00E-17   2.00E-17   5.00E-17   1.28E-17   0.00E+00
 47    830    836   7.00E+08   4.88E-18   0.00E+00   5.00E-18   4.00E-18   2.00E-17   1.00E-17   1.50E-17   3.00E-17   1.00E-17   0.00E+00   1.00E-17   3.00E-17   1.00E-17   4.00E-17   1.24E-17   0.00E+00
 48    836    860   1.40E+09   5.31E-18   0.00E+00   5.00E-18   1.00E-17   2.00E-17   2.00E-17   1.50E-17   3.00E-17   5.00E-18   0.00E+00   1.00E-17   3.00E-17   5.00E-18   4.00E-17   1.14E-17   0.00E+00
 49    860    865   3.50E+08   5.40E-18   0.00E+00   5.00E-18   1.00E-17   2.00E-17   2.00E-17   1.50E-17   3.00E-17   0.00E+00   0.00E+00   1.00E-17   3.00E-17   0.00E+00   4.00E-17   1.12E-17   0.00E+00
 50    865    870   3.90E+08   5.50E-18   0.00E+00   5.00E-18   1.00E-17   2.00E-17   2.00E-17   1.50E-17   3.00E-17   0.00E+00   0.00E+00   1.00E-17   3.00E-17   0.00E+00   4.00E-17   1.03E-17   0.00E+00
 51    870    875   4.30E+08   5.59E-18   0.00E+00   5.00E-18   1.00E-17   2.50E-17   2.00E-17   1.50E-17   3.00E-17   0.00E+00   0.00E+00   1.00E-17   2.00E-17   0.00E+00   4.00E-17   1.02E-17   0.00E+00
 52    875    880   4.70E+08   5.69E-18   0.00E+00   5.00E-18   1.00E-17   3.00E-17   2.00E-17   1.50E-17   3.00E-17   0.00E+00   0.00E+00   1.00E-17   2.00E-17   0.00E+00   4.00E-17   1.00E-17   0.00E+00
 53    880    885   5.10E+08   5.78E-18   0.00E+00   5.00E-18   1.00E-17   2.50E-17   2.00E-17   1.50E-17   3.00E-17   0.00E+00   0.00E+00   1.00E-17   2.00E-17   0.00E+00   4.00E-17   9.83E-18   0.00E+00
 54    885    890   5.50E+08   5.88E-18   0.00E+00   5.00E-18   1.00E-17   4.00E-17   2.00E-17   1.50E-17   3.00E-17   0.00E+00   0.00E+00   1.00E-17   2.00E-17   0.00E+00   4.00E-17   9.66E-18   0.00E+00
 55    890    895   5.90E+09   5.98E-18   0.00E+00   5.00E-18   1.00E-17   0.00E+00   2.00E-17   1.50E-17   3.00E-17   0.00E+00   0.00E+00   1.00E-17   1.50E-17   0.00E+00   4.00E-17   9.48E-18   0.00E+00
 56    895    900   6.30E+09   6.08E-18   0.00E+00   5.00E-18   1.00E-17   0.00E+00   0.00E+00   1.50E-17   3.00E-17   0.00E+00   0.00E+00   1.00E-17   1.50E-17   0.00E+00   4.00E-17   9.31E-18   0.00E+00
 57    900    905   6.70E+08   6.19E-18   0.00E+00   5.00E-18   1.00E-17   0.00E+00   0.00E+00   1.50E-17   3.00E-17   0.00E+00   0.00E+00   1.00E-17   1.50E-17   0.00E+00   3.00E-17   9.14E-18   0.00E+00
 58    905    911   7.30E+08   6.31E-18   0.00E+00   5.00E-18   1.00E-17   0.00E+00   0.00E+00   1.50E-17   3.00E-17   0.00E+00   0.00E+00   1.00E-17   1.00E-17   0.00E+00   3.00E-17   8.97E-18   0.00E+00
 59    911    915   5.00E+08   0.00E+00   0.00E+00   0.00E+00   1.00E-17   0.00E+00   0.00E+00   1.50E-17   3.00E-17   0.00E+00   0.00E+00   1.00E-17   8.00E-18   0.00E+00   3.00E-17   8.79E-18   0.00E+00
 60    915    920   5.00E+08   0.00E+00   0.00E+00   0.00E+00   1.00E-17   0.00E+00   0.00E+00   1.50E-17   3.00E-17   0.00E+00   0.00E+00   1.00E-17   7.00E-19   0.00E+00   3.00E-17   8.59E-18   0.00E+00
 61    920    923   1.10E+08   0.00E+00   0.00E+00   0.00E+00   1.00E-17   0.00E+00   0.00E+00   1.50E-17   3.00E-17   0.00E+00   0.00E+00   1.00E-17   6.00E-18   0.00E+00   3.00E-17   8.45E-18   0.00E+00
 62    923    927   1.10E+08   0.00E+00   0.00E+00   0.00E+00   1.00E-17   0.00E+00   0.00E+00   1.50E-17   3.00E-17   0.00E+00   0.00E+00   1.00E-17   5.00E-18   0.00E+00   3.00E-17   8.28E-18   0.00E+00
 63    927    930   2.00E+07   0.00E+00   0.00E+00   0.00E+00   1.00E-17   0.00E+00   0.00E+00   1.50E-17   3.00E-17   0.00E+00   0.00E+00   1.00E-17   4.00E-18   0.00E+00   3.00E-17   8.17E-18   0.00E+00
 64    930    933   3.00E+08   0.00E+00   0.00E+00   0.00E+00   1.00E-17   0.00E+00   0.00E+00   1.50E-17   3.00E-17   0.00E+00   0.00E+00   1.00E-17   3.00E-18   0.00E+00   3.00E-17   8.03E-18   0.00E+00
 65    933    938   3.00E+08   0.00E+00   0.00E+00   0.00E+00   1.00E-17   0.00E+00   0.00E+00   1.50E-17   3.00E-17   0.00E+00   0.00E+00   1.00E-17   2.00E-18   0.00E+00   3.00E-17   7.93E-18   0.00E+00
 66    938    942   5.00E+07   0.00E+00   0.00E+00   0.00E+00   1.00E-17   0.00E+00   0.00E+00   1.50E-17   3.00E-17   0.00E+00   0.00E+00   1.00E-17   1.50E-18   0.00E+00   3.00E-17   7.93E-18   0.00E+00
 67    942    948   6.00E+07   0.00E+00   0.00E+00   0.00E+00   1.00E-17   0.00E+00   0.00E+00   1.50E-17   3.00E-17   0.00E+00   0.00E+00   1.00E-17   1.50E-18   0.00E+00   3.00E-17   7.83E-18   0.00E+00
 68    948    951   5.94E+08   0.00E+00   0.00E+00   0.00E+00   1.00E-17   0.00E+00   0.00E+00   1.50E-17   3.00E-17   0.00E+00   0.00E+00   1.00E-17   1.00E-18   0.00E+00   3.00E-17   7.66E-18   0.00E+00
 69    951    954   3.00E+07   0.00E+00   0.00E+00   0.00E+00   1.00E-17   0.00E+00   0.00E+00   1.50E-17   3.00E-17   0.00E+00   0.00E+00   1.00E-17   7.00E-19   0.00E+00   3.00E-17   7.31E-18   0.00E+00
 70    954    956   2.00E+07   0.00E+00   0.00E+00   0.00E+00   1.00E-17   0.00E+00   0.00E+00   1.50E-17   3.00E-17   0.00E+00   0.00E+00   1.00E-17   6.00E-19   0.00E+00   3.00E-17   7.31E-18   0.00E+00
 71    956    958   2.00E+07   0.00E+00   0.00E+00   0.00E+00   1.00E-17   0.00E+00   0.00E+00   1.50E-17   3.00E-17   0.00E+00   0.00E+00   1.00E-17   6.00E-19   0.00E+00   3.00E-17   7.31E-18   0.00E+00
 72    957    961   3.00E+07   0.00E+00   0.00E+00   0.00E+00   1.00E-17   0.00E+00   0.00E+00   1.50E-17   3.00E-17   0.00E+00   0.00E+00   1.00E-17   6.00E-19   0.00E+00   3.00E-17   7.31E-18   0.00E+00
 73    961    966   5.00E+07   0.00E+00   0.00E+00   0.00E+00   1.00E-17   0.00E+00   0.00E+00   1.50E-17   3.00E-17   0.00E+00   0.00E+00   1.00E-17   6.00E-19   0.00E+00   3.00E-17   7.31E-18   0.00E+00
 74    966    967   1.00E+07   0.00E+00   0.00E+00   0.00E+00   1.00E-17   0.00E+00   0.00E+00   1.50E-17   3.00E-17   0.00E+00   0.00E+00   1.00E-17   6.00E-19   0.00E+00   3.00E-17   7.31E-18   0.00E+00
 75    967    971   4.00E+07   0.00E+00   0.00E+00   0.00E+00   1.00E-17   0.00E+00   0.00E+00   1.50E-17   3.00E-17   0.00E+00   0.00E+00   1.00E-17   5.00E-19   0.00E+00   3.00E-17   7.21E-18   0.00E+00
 76    971    975   1.50E+09   0.00E+00   0.00E+00   0.00E+00   8.00E-18   0.00E+00   0.00E+00   1.50E-17   3.00E-17   0.00E+00   0.00E+00   1.00E-17   3.00E-19   0.00E+00   3.00E-17   6.86E-18   0.00E+00
 77    975    980   5.00E+09   0.00E+00   0.00E+00   0.00E+00   8.00E-18   0.00E+00   0.00E+00   1.50E-17   3.00E-17   0.00E+00   0.00E+00   1.00E-17   1.00E-19   0.00E+00   3.00E-17   0.00E+00   0.00E+00
 78    980    985   6.00E+07   0.00E+00   0.00E+00   0.00E+00   8.00E-18   0.00E+00   0.00E+00   1.50E-17   3.00E-17   0.00E+00   0.00E+00   1.00E-17   0.00E+00   0.00E+00   3.00E-17   0.00E+00   0.00E+00
 79    985    986   2.00E+07   0.00E+00   0.00E+00   0.00E+00   8.00E-18   0.00E+00   0.00E+00   1.50E-17   3.00E-17   0.00E+00   0.00E+00   1.00E-17   0.00E+00   0.00E+00   3.00E-17   0.00E+00   0.00E+00
 80    986    988   4.00E+07   0.00E+00   0.00E+00   0.00E+00   8.00E-18   0.00E+00   0.00E+00   1.50E-17   3.00E-17   0.00E+00   0.00E+00   1.00E-17   0.00E+00   0.00E+00   3.00E-17   0.00E+00   0.00E+00
 81    988    991   4.00E+08   0.00E+00   0.00E+00   0.00E+00   3.00E-18   0.00E+00   0.00E+00   1.50E-17   3.00E-17   0.00E+00   0.00E+00   1.00E-17   0.00E+00   0.00E+00   3.00E-17   0.00E+00   0.00E+00
 82    991    993   3.50E+08   0.00E+00   0.00E+00   0.00E+00   3.00E-18   0.00E+00   0.00E+00   1.50E-17   3.00E-17   0.00E+00   0.00E+00   1.00E-17   0.00E+00   0.00E+00   3.00E-17   0.00E+00   0.00E+00
 83    993   1024   2.50E+08   0.00E+00   0.00E+00   0.00E+00   1.00E-18   0.00E+00   0.00E+00   1.50E-17   2.00E-17   0.00E+00   0.00E+00   1.00E-17   0.00E+00   0.00E+00   3.00E-17   0.00E+00   0.00E+00
 84   1024   1030   3.60E+09   0.00E+00   0.00E+00   0.00E+00   1.00E-19   0.00E+00   0.00E+00   1.50E-17   2.00E-17   0.00E+00   0.00E+00   5.00E-18   0.00E+00   0.00E+00   2.00E-17   0.00E+00   0.00E+00
 85   1030   1035   2.46E+09   0.00E+00   0.00E+00   0.00E+00   0.00E+00   0.00E+00   0.00E+00   1.50E-17   2.00E-17   0.00E+00   0.00E+00   5.00E-18   0.00E+00   0.00E+00   2.00E-17   0.00E+00   0.00E+00
 86   1035   1045   1.83E+09   0.00E+00   0.00E+00   0.00E+00   0.00E+00   0.00E+00   0.00E+00   1.50E-17   2.00E-17   0.00E+00   0.00E+00   5.00E-18   0.00E+00   0.00E+00   1.00E-17   0.00E+00   0.00E+00
 87   1045   1057   1.57E+08   0.00E+00   0.00E+00   0.00E+00   0.00E+00   0.00E+00   0.00E+00   1.50E-17   2.00E-17   0.00E+00   0.00E+00   5.00E-18   0.00E+00   0.00E+00   5.00E-18   0.00E+00   0.00E+00
 88   1057   1070   1.70E+08   0.00E+00   0.00E+00   0.00E+00   0.00E+00   0.00E+00   0.00E+00   1.50E-17   2.00E-17   0.00E+00   0.00E+00   5.00E-18   0.00E+00   0.00E+00   2.00E-18   0.00E+00   0.00E+00
 89   1070   1080   1.31E+08   0.00E+00   0.00E+00   0.00E+00   0.00E+00   0.00E+00   0.00E+00   1.50E-17   2.00E-17   0.00E+00   0.00E+00   5.00E-18   0.00E+00   0.00E+00   1.00E-18   0.00E+00   0.00E+00
 90   1080   1090   7.21E+08   0.00E+00   0.00E+00   0.00E+00   0.00E+00   0.00E+00   0.00E+00   1.50E-17   5.00E-17   0.00E+00   0.00E+00   5.00E-18   0.00E+00   0.00E+00   1.00E-19   0.00E+00   0.00E+00
 91   1090   1100   1.31E+08   0.00E+00   0.00E+00   0.00E+00   0.00E+00   0.00E+00   0.00E+00   1.50E-17   5.00E-17   0.00E+00   0.00E+00   5.00E-18   0.00E+00   0.00E+00   0.00E+00   0.00E+00   0.00E+00
 92   1100   1110   1.31E+08   0.00E+00   0.00E+00   0.00E+00   0.00E+00   0.00E+00   0.00E+00   1.50E-17   3.00E-17   0.00E+00   0.00E+00   3.00E-18   0.00E+00   0.00E+00   0.00E+00   0.00E+00   0.00E+00
 93   1110   1120   1.31E+08   0.00E+00   0.00E+00   0.00E+00   0.00E+00   0.00E+00   0.00E+00   0.00E+00   1.70E-17   0.00E+00   0.00E+00   3.00E-18   0.00E+00   0.00E+00   0.00E+00   0.00E+00   0.00E+00
 94   1120   1130   6.21E+08   0.00E+00   0.00E+00   0.00E+00   0.00E+00   0.00E+00   0.00E+00   0.00E+00   1.00E-18   0.00E+00   0.00E+00   3.00E-18   0.00E+00   0.00E+00   0.00E+00   0.00E+00   0.00E+00
 95   1130   1140   1.31E+08   0.00E+00   0.00E+00   0.00E+00   0.00E+00   0.00E+00   0.00E+00   0.00E+00   1.00E-18   0.00E+00   0.00E+00   3.00E-18   0.00E+00   0.00E+00   0.00E+00   0.00E+00   0.00E+00
 96   1140   1150   1.31E+08   0.00E+00   0.00E+00   0.00E+00   0.00E+00   0.00E+00   0.00E+00   0.00E+00   2.00E-18   0.00E+00   0.00E+00   3.00E-18   0.00E+00   0.00E+00   0.00E+00   0.00E+00   0.00E+00
 97   1150   1157   9.15E+07   0.00E+00   0.00E+00   0.00E+00   0.00E+00   0.00E+00   0.00E+00   0.00E+00   1.70E-17   0.00E+00   0.00E+00   3.00E-18   0.00E+00   0.00E+00   0.00E+00   0.00E+00   0.00E+00
 98   1157   1163   7.84E+07   0.00E+00   0.00E+00   0.00E+00   0.00E+00   0.00E+00   0.00E+00   0.00E+00   1.70E-17   0.00E+00   0.00E+00   3.00E-18   0.00E+00   0.00E+00   0.00E+00   0.00E+00   0.00E+00
 99   1163   1170   1.03E+08   0.00E+00   0.00E+00   0.00E+00   0.00E+00   0.00E+00   0.00E+00   0.00E+00   1.70E-17   0.00E+00   0.00E+00   2.00E-18   0.00E+00   0.00E+00   0.00E+00   0.00E+00   0.00E+00
100   1170   1176   2.66E+08   0.00E+00   0.00E+00   0.00E+00   0.00E+00   0.00E+00   0.00E+00   0.00E+00   1.70E-17   0.00E+00   0.00E+00   2.00E-18   0.00E+00   0.00E+00   0.00E+00   0.00E+00   0.00E+00
101   1176   1183   1.12E+08   0.00E+00   0.00E+00   0.00E+00   0.00E+00   0.00E+00   0.00E+00   0.00E+00   1.70E-17   0.00E+00   0.00E+00   2.00E-18   0.00E+00   0.00E+00   0.00E+00   0.00E+00   0.00E+00
102   1183   1190   1.24E+08   0.00E+00   0.00E+00   0.00E+00   0.00E+00   0.00E+00   0.00E+00   0.00E+00   1.70E-17   0.00E+00   0.00E+00   2.00E-18   0.00E+00   0.00E+00   0.00E+00   0.00E+00   0.00E+00
103   1190   1198   1.82E+08   0.00E+00   0.00E+00   0.00E+00   0.00E+00   0.00E+00   0.00E+00   0.00E+00   1.70E-17   0.00E+00   0.00E+00   2.00E-18   0.00E+00   0.00E+00   0.00E+00   0.00E+00   0.00E+00
104   1198   1205   1.90E+08   0.00E+00   0.00E+00   0.00E+00   0.00E+00   0.00E+00   0.00E+00   0.00E+00   1.00E-18   0.00E+00   0.00E+00   2.00E-18   0.00E+00   0.00E+00   0.00E+00   0.00E+00   0.00E+00
105   1205   1212   7.40E+08   0.00E+00   0.00E+00   0.00E+00   0.00E+00   0.00E+00   0.00E+00   0.00E+00   0.00E+00   0.00E+00   0.00E+00   2.00E-18   0.00E+00   0.00E+00   0.00E+00   0.00E+00   0.00E+00
106   1212   1220   3.00E+11   0.00E+00   0.00E+00   0.00E+00   0.00E+00   0.00E+00   0.00E+00   0.00E+00   0.00E+00   0.00E+00   0.00E+00   2.00E-18   0.00E+00   0.00E+00   0.00E+00   0.00E+00   0.00E+00
107   1220   1227   3.67E+09   0.00E+00   0.00E+00   0.00E+00   0.00E+00   0.00E+00   0.00E+00   0.00E+00   0.00E+00   0.00E+00   0.00E+00   2.00E-18   0.00E+00   0.00E+00   0.00E+00   0.00E+00   0.00E+00
108   1227   1235   1.36E+09   0.00E+00   0.00E+00   0.00E+00   0.00E+00   0.00E+00   0.00E+00   0.00E+00   0.00E+00   0.00E+00   0.00E+00   2.00E-18   0.00E+00   0.00E+00   0.00E+00   0.00E+00   0.00E+00
109   1235   1242   1.61E+09   0.00E+00   0.00E+00   0.00E+00   0.00E+00   0.00E+00   0.00E+00   0.00E+00   0.00E+00   0.00E+00   0.00E+00   2.00E-18   0.00E+00   0.00E+00   0.00E+00   0.00E+00   0.00E+00
110   1242   1250   1.32E+09   0.00E+00   0.00E+00   0.00E+00   0.00E+00   0.00E+00   0.00E+00   0.00E+00   0.00E+00   0.00E+00   0.00E+00   2.00E-18   0.00E+00   0.00E+00   0.00E+00   0.00E+00   0.00E+00
111   1250   1258   1.41E+09   0.00E+00   0.00E+00   0.00E+00   0.00E+00   0.00E+00   0.00E+00   0.00E+00   0.00E+00   0.00E+00   0.00E+00   2.00E-18   0.00E+00   0.00E+00   0.00E+00   0.00E+00   0.00E+00
112   1258   1266   3.11E+09   0.00E+00   0.00E+00   0.00E+00   0.00E+00   0.00E+00   0.00E+00   0.00E+00   0.00E+00   0.00E+00   0.00E+00   1.00E-18   0.00E+00   0.00E+00   0.00E+00   0.00E+00   0.00E+00
113   1266   1274   1.06E+09   0.00E+00   0.00E+00   0.00E+00   0.00E+00   0.00E+00   0.00E+00   0.00E+00   0.00E+00   0.00E+00   0.00E+00   1.00E-18   0.00E+00   0.00E+00   0.00E+00   0.00E+00   0.00E+00
114   1274   1282   1.37E+09   0.00E+00   0.00E+00   0.00E+00   0.00E+00   0.00E+00   0.00E+00   0.00E+00   0.00E+00   0.00E+00   0.00E+00   1.00E-18   0.00E+00   0.00E+00   0.00E+00   0.00E+00   0.00E+00
115   1282   1290   1.02E+09   0.00E+00   0.00E+00   0.00E+00   0.00E+00   0.00E+00   0.00E+00   0.00E+00   0.00E+00   0.00E+00   0.00E+00   1.00E-18   0.00E+00   0.00E+00   0.00E+00   0.00E+00   0.00E+00
116   1290   1299   1.14E+09   0.00E+00   0.00E+00   0.00E+00   0.00E+00   0.00E+00   0.00E+00   0.00E+00   0.00E+00   0.00E+00   0.00E+00   1.00E-18   0.00E+00   0.00E+00   0.00E+00   0.00E+00   0.00E+00
117   1299   1307   7.29E+09   0.00E+00   0.00E+00   0.00E+00   0.00E+00   0.00E+00   0.00E+00   0.00E+00   0.00E+00   0.00E+00   0.00E+00   1.00E-18   0.00E+00   0.00E+00   0.00E+00   0.00E+00   0.00E+00
118   1307   1316   2.20E+09   0.00E+00   0.00E+00   0.00E+00   0.00E+00   0.00E+00   0.00E+00   0.00E+00   0.00E+00   0.00E+00   0.00E+00   1.00E-18   0.00E+00   0.00E+00   0.00E+00   0.00E+00   0.00E+00
119   1316   1324   1.59E+09   0.00E+00   0.00E+00   0.00E+00   0.00E+00   0.00E+00   0.00E+00   0.00E+00   0.00E+00   0.00E+00   0.00E+00   1.00E-18   0.00E+00   0.00E+00   0.00E+00   0.00E+00   0.00E+00
120   1324   1333   2.21E+09   0.00E+00   0.00E+00   0.00E+00   0.00E+00   0.00E+00   0.00E+00   0.00E+00   0.00E+00   0.00E+00   0.00E+00   1.00E-18   0.00E+00   0.00E+00   0.00E+00   0.00E+00   0.00E+00
121   1333   1342   1.24E+10   0.00E+00   0.00E+00   0.00E+00   0.00E+00   0.00E+00   0.00E+00   0.00E+00   0.00E+00   0.00E+00   0.00E+00   1.00E-18   0.00E+00   0.00E+00   0.00E+00   0.00E+00   0.00E+00
122   1342   1351   1.99E+09   0.00E+00   0.00E+00   0.00E+00   0.00E+00   0.00E+00   0.00E+00   0.00E+00   0.00E+00   0.00E+00   0.00E+00   0.00E+00   0.00E+00   0.00E+00   0.00E+00   0.00E+00   0.00E+00
123   1351   1360   3.09E+09   0.00E+00   0.00E+00   0.00E+00   0.00E+00   0.00E+00   0.00E+00   0.00E+00   0.00E+00   0.00E+00   0.00E+00   0.00E+00   0.00E+00   0.00E+00   0.00E+00   0.00E+00   0.00E+00
124   1360   1370   2.57E+09   0.00E+00   0.00E+00   0.00E+00   0.00E+00   0.00E+00   0.00E+00   0.00E+00   0.00E+00   0.00E+00   0.00E+00   0.00E+00   0.00E+00   0.00E+00   0.00E+00   0.00E+00   0.00E+00
125   1370   1379   2.74E+09   0.00E+00   0.00E+00   0.00E+00   0.00E+00   0.00E+00   0.00E+00   0.00E+00   0.00E+00   0.00E+00   0.00E+00   0.00E+00   0.00E+00   0.00E+00   0.00E+00   0.00E+00   0.00E+00
126   1379   1389   3.10E+09   0.00E+00   0.00E+00   0.00E+00   0.00E+00   0.00E+00   0.00E+00   0.00E+00   0.00E+00   0.00E+00   0.00E+00   0.00E+00   0.00E+00   0.00E+00   0.00E+00   0.00E+00   0.00E+00
127   1389   1408   7.60E+09   0.00E+00   0.00E+00   0.00E+00   0.00E+00   0.00E+00   0.00E+00   0.00E+00   0.00E+00   0.00E+00   0.00E+00   0.00E+00   0.00E+00   0.00E+00   0.00E+00   0.00E+00   0.00E+00
128   1408   1428   1.01E+10   0.00E+00   0.00E+00   0.00E+00   0.00E+00   0.00E+00   0.00E+00   0.00E+00   0.00E+00   0.00E+00   0.00E+00   0.00E+00   0.00E+00   0.00E+00   0.00E+00   0.00E+00   0.00E+00
129   1428   1449   1.30E+10   0.00E+00   0.00E+00   0.00E+00   0.00E+00   0.00E+00   0.00E+00   0.00E+00   0.00E+00   0.00E+00   0.00E+00   0.00E+00   0.00E+00   0.00E+00   0.00E+00   0.00E+00   0.00E+00
130   1449   1470   1.82E+10   0.00E+00   0.00E+00   0.00E+00   0.00E+00   0.00E+00   0.00E+00   0.00E+00   0.00E+00   0.00E+00   0.00E+00   0.00E+00   0.00E+00   0.00E+00   0.00E+00   0.00E+00   0.00E+00
131   1470   1492   2.33E+10   0.00E+00   0.00E+00   0.00E+00   0.00E+00   0.00E+00   0.00E+00   0.00E+00   0.00E+00   0.00E+00   0.00E+00   0.00E+00   0.00E+00   0.00E+00   0.00E+00   0.00E+00   0.00E+00
132   1492   1515   2.66E+10   0.00E+00   0.00E+00   0.00E+00   0.00E+00   0.00E+00   0.00E+00   0.00E+00   0.00E+00   0.00E+00   0.00E+00   0.00E+00   0.00E+00   0.00E+00   0.00E+00   0.00E+00   0.00E+00
133   1515   1538   2.90E+10   0.00E+00   0.00E+00   0.00E+00   0.00E+00   0.00E+00   0.00E+00   0.00E+00   0.00E+00   0.00E+00   0.00E+00   0.00E+00   0.00E+00   0.00E+00   0.00E+00   0.00E+00   0.00E+00
134   1538   1562   3.60E+10   0.00E+00   0.00E+00   0.00E+00   0.00E+00   0.00E+00   0.00E+00   0.00E+00   0.00E+00   0.00E+00   0.00E+00   0.00E+00   0.00E+00   0.00E+00   0.00E+00   0.00E+00   0.00E+00
135   1562   1587   4.75E+10   0.00E+00   0.00E+00   0.00E+00   0.00E+00   0.00E+00   0.00E+00   0.00E+00   0.00E+00   0.00E+00   0.00E+00   0.00E+00   0.00E+00   0.00E+00   0.00E+00   0.00E+00   0.00E+00
136   1587   1613   6.40E+10   0.00E+00   0.00E+00   0.00E+00   0.00E+00   0.00E+00   0.00E+00   0.00E+00   0.00E+00   0.00E+00   0.00E+00   0.00E+00   0.00E+00   0.00E+00   0.00E+00   0.00E+00   0.00E+00
137   1613   1639   5.49E+10   0.00E+00   0.00E+00   0.00E+00   0.00E+00   0.00E+00   0.00E+00   0.00E+00   0.00E+00   0.00E+00   0.00E+00   0.00E+00   0.00E+00   0.00E+00   0.00E+00   0.00E+00   0.00E+00
138   1639   1667   1.19E+11   0.00E+00   0.00E+00   0.00E+00   0.00E+00   0.00E+00   0.00E+00   0.00E+00   0.00E+00   0.00E+00   0.00E+00   0.00E+00   0.00E+00   0.00E+00   0.00E+00   0.00E+00   0.00E+00
139   1667   1695   1.76E+11   0.00E+00   0.00E+00   0.00E+00   0.00E+00   0.00E+00   0.00E+00   0.00E+00   0.00E+00   0.00E+00   0.00E+00   0.00E+00   0.00E+00   0.00E+00   0.00E+00   0.00E+00   0.00E+00
140   1695   1724   2.32E+11   0.00E+00   0.00E+00   0.00E+00   0.00E+00   0.00E+00   0.00E+00   0.00E+00   0.00E+00   0.00E+00   0.00E+00   0.00E+00   0.00E+00   0.00E+00   0.00E+00   0.00E+00   0.00E+00
141   1724   1739   1.44E+11   0.00E+00   0.00E+00   0.00E+00   0.00E+00   0.00E+00   0.00E+00   0.00E+00   0.00E+00   0.00E+00   0.00E+00   0.00E+00   0.00E+00   0.00E+00   0.00E+00   0.00E+00   0.00E+00
142   1739   1754   1.83E+11   0.00E+00   0.00E+00   0.00E+00   0.00E+00   0.00E+00   0.00E+00   0.00E+00   0.00E+00   0.00E+00   0.00E+00   0.00E+00   0.00E+00   0.00E+00   0.00E+00   0.00E+00   0.00E+00
143   1754   1770   1.74E+11   0.00E+00   0.00E+00   0.00E+00   0.00E+00   0.00E+00   0.00E+00   0.00E+00   0.00E+00   0.00E+00   0.00E+00   0.00E+00   0.00E+00   0.00E+00   0.00E+00   0.00E+00   0.00E+00
144   1770   1786   2.10E+11   0.00E+00   0.00E+00   0.00E+00   0.00E+00   0.00E+00   0.00E+00   0.00E+00   0.00E+00   0.00E+00   0.00E+00   0.00E+00   0.00E+00   0.00E+00   0.00E+00   0.00E+00   0.00E+00
145   1786   1802   2.38E+11   0.00E+00   0.00E+00   0.00E+00   0.00E+00   0.00E+00   0.00E+00   0.00E+00   0.00E+00   0.00E+00   0.00E+00   0.00E+00   0.00E+00   0.00E+00   0.00E+00   0.00E+00   0.00E+00
146   1802   1818   3.04E+11   0.00E+00   0.00E+00   0.00E+00   0.00E+00   0.00E+00   0.00E+00   0.00E+00   0.00E+00   0.00E+00   0.00E+00   0.00E+00   0.00E+00   0.00E+00   0.00E+00   0.00E+00   0.00E+00
147   1818   1835   3.19E+11   0.00E+00   0.00E+00   0.00E+00   0.00E+00   0.00E+00   0.00E+00   0.00E+00   0.00E+00   0.00E+00   0.00E+00   0.00E+00   0.00E+00   0.00E+00   0.00E+00   0.00E+00   0.00E+00
148   1835   1852   2.93E+11   0.00E+00   0.00E+00   0.00E+00   0.00E+00   0.00E+00   0.00E+00   0.00E+00   0.00E+00   0.00E+00   0.00E+00   0.00E+00   0.00E+00   0.00E+00   0.00E+00   0.00E+00   0.00E+00
149   1852   1869   3.62E+11   0.00E+00   0.00E+00   0.00E+00   0.00E+00   0.00E+00   0.00E+00   0.00E+00   0.00E+00   0.00E+00   0.00E+00   0.00E+00   0.00E+00   0.00E+00   0.00E+00   0.00E+00   0.00E+00
150   1869   1887   4.73E+11   0.00E+00   0.00E+00   0.00E+00   0.00E+00   0.00E+00   0.00E+00   0.00E+00   0.00E+00   0.00E+00   0.00E+00   0.00E+00   0.00E+00   0.00E+00   0.00E+00   0.00E+00   0.00E+00
151   1887   1905   5.61E+11   0.00E+00   0.00E+00   0.00E+00   0.00E+00   0.00E+00   0.00E+00   0.00E+00   0.00E+00   0.00E+00   0.00E+00   0.00E+00   0.00E+00   0.00E+00   0.00E+00   0.00E+00   0.00E+00
152   1905   1923   6.63E+11   0.00E+00   0.00E+00   0.00E+00   0.00E+00   0.00E+00   0.00E+00   0.00E+00   0.00E+00   0.00E+00   0.00E+00   0.00E+00   0.00E+00   0.00E+00   0.00E+00   0.00E+00   0.00E+00
153   1923   1942   6.90E+11   0.00E+00   0.00E+00   0.00E+00   0.00E+00   0.00E+00   0.00E+00   0.00E+00   0.00E+00   0.00E+00   0.00E+00   0.00E+00   0.00E+00   0.00E+00   0.00E+00   0.00E+00   0.00E+00
154   1942   1961   9.56E+11   0.00E+00   0.00E+00   0.00E+00   0.00E+00   0.00E+00   0.00E+00   0.00E+00   0.00E+00   0.00E+00   0.00E+00   0.00E+00   0.00E+00   0.00E+00   0.00E+00   0.00E+00   0.00E+00
155   1961   1980   1.15E+12   0.00E+00   0.00E+00   0.00E+00   0.00E+00   0.00E+00   0.00E+00   0.00E+00   0.00E+00   0.00E+00   0.00E+00   0.00E+00   0.00E+00   0.00E+00   0.00E+00   0.00E+00   0.00E+00
156   1980   2000   1.27E+12   0.00E+00   0.00E+00   0.00E+00   0.00E+00   0.00E+00   0.00E+00   0.00E+00   0.00E+00   0.00E+00   0.00E+00   0.00E+00   0.00E+00   0.00E+00   0.00E+00   0.00E+00   0.00E+00
157   2000   2020   1.52E+12   0.00E+00   0.00E+00   0.00E+00   0.00E+00   0.00E+00   0.00E+00   0.00E+00   0.00E+00   0.00E+00   0.00E+00   0.00E+00   0.00E+00   0.00E+00   0.00E+00   0.00E+00   0.00E+00
158   2020   2041   1.78E+12   0.00E+00   0.00E+00   0.00E+00   0.00E+00   0.00E+00   0.00E+00   0.00E+00   0.00E+00   0.00E+00   0.00E+00   0.00E+00   0.00E+00   0.00E+00   0.00E+00   0.00E+00   0.00E+00
159   2041   2062   2.20E+12   0.00E+00   0.00E+00   0.00E+00   0.00E+00   0.00E+00   0.00E+00   0.00E+00   0.00E+00   0.00E+00   0.00E+00   0.00E+00   0.00E+00   0.00E+00   0.00E+00   0.00E+00   0.00E+00
160   2062   2083   2.69E+12   0.00E+00   0.00E+00   0.00E+00   0.00E+00   0.00E+00   0.00E+00   0.00E+00   0.00E+00   0.00E+00   0.00E+00   0.00E+00   0.00E+00   0.00E+00   0.00E+00   0.00E+00   0.00E+00
161   2083   2105   4.54E+12   0.00E+00   0.00E+00   0.00E+00   0.00E+00   0.00E+00   0.00E+00   0.00E+00   0.00E+00   0.00E+00   0.00E+00   0.00E+00   0.00E+00   0.00E+00   0.00E+00   0.00E+00   0.00E+00
162   2105   2128   7.14E+12   0.00E+00   0.00E+00   0.00E+00   0.00E+00   0.00E+00   0.00E+00   0.00E+00   0.00E+00   0.00E+00   0.00E+00   0.00E+00   0.00E+00   0.00E+00   0.00E+00   0.00E+00   0.00E+00
163   2128   2151   8.35E+12   0.00E+00   0.00E+00   0.00E+00   0.00E+00   0.00E+00   0.00E+00   0.00E+00   0.00E+00   0.00E+00   0.00E+00   0.00E+00   0.00E+00   0.00E+00   0.00E+00   0.00E+00   0.00E+00
164   2151   2174   8.39E+12   0.00E+00   0.00E+00   0.00E+00   0.00E+00   0.00E+00   0.00E+00   0.00E+00   0.00E+00   0.00E+00   0.00E+00   0.00E+00   0.00E+00   0.00E+00   0.00E+00   0.00E+00   0.00E+00
165   2174   2200   1.08E+13   0.00E+00   0.00E+00   0.00E+00   0.00E+00   0.00E+00   0.00E+00   0.00E+00   0.00E+00   0.00E+00   0.00E+00   0.00E+00   0.00E+00   0.00E+00   0.00E+00   0.00E+00   0.00E+00
166   2200   2222   1.18E+13   0.00E+00   0.00E+00   0.00E+00   0.00E+00   0.00E+00   0.00E+00   0.00E+00   0.00E+00   0.00E+00   0.00E+00   0.00E+00   0.00E+00   0.00E+00   0.00E+00   0.00E+00   0.00E+00
167   2222   2247   1.60E+13   0.00E+00   0.00E+00   0.00E+00   0.00E+00   0.00E+00   0.00E+00   0.00E+00   0.00E+00   0.00E+00   0.00E+00   0.00E+00   0.00E+00   0.00E+00   0.00E+00   0.00E+00   0.00E+00
168   2247   2273   1.34E+13   0.00E+00   0.00E+00   0.00E+00   0.00E+00   0.00E+00   0.00E+00   0.00E+00   0.00E+00   0.00E+00   0.00E+00   0.00E+00   0.00E+00   0.00E+00   0.00E+00   0.00E+00   0.00E+00
169   2273   2299   1.41E+13   0.00E+00   0.00E+00   0.00E+00   0.00E+00   0.00E+00   0.00E+00   0.00E+00   0.00E+00   0.00E+00   0.00E+00   0.00E+00   0.00E+00   0.00E+00   0.00E+00   0.00E+00   0.00E+00
170   2299   2326   1.57E+13   0.00E+00   0.00E+00   0.00E+00   0.00E+00   0.00E+00   0.00E+00   0.00E+00   0.00E+00   0.00E+00   0.00E+00   0.00E+00   0.00E+00   0.00E+00   0.00E+00   0.00E+00   0.00E+00
171   2326   2353   1.38E+13   0.00E+00   0.00E+00   0.00E+00   0.00E+00   0.00E+00   0.00E+00   0.00E+00   0.00E+00   0.00E+00   0.00E+00   0.00E+00   0.00E+00   0.00E+00   0.00E+00   0.00E+00   0.00E+00
172   2353   2381   1.60E+13   0.00E+00   0.00E+00   0.00E+00   0.00E+00   0.00E+00   0.00E+00   0.00E+00   0.00E+00   0.00E+00   0.00E+00   0.00E+00   0.00E+00   0.00E+00   0.00E+00   0.00E+00   0.00E+00
173   2381   2410   1.45E+13   0.00E+00   0.00E+00   0.00E+00   0.00E+00   0.00E+00   0.00E+00   0.00E+00   0.00E+00   0.00E+00   0.00E+00   0.00E+00   0.00E+00   0.00E+00   0.00E+00   0.00E+00   0.00E+00
174   2410   2439   2.20E+13   0.00E+00   0.00E+00   0.00E+00   0.00E+00   0.00E+00   0.00E+00   0.00E+00   0.00E+00   0.00E+00   0.00E+00   0.00E+00   0.00E+00   0.00E+00   0.00E+00   0.00E+00   0.00E+00
175   2439   2469   1.99E+13   0.00E+00   0.00E+00   0.00E+00   0.00E+00   0.00E+00   0.00E+00   0.00E+00   0.00E+00   0.00E+00   0.00E+00   0.00E+00   0.00E+00   0.00E+00   0.00E+00   0.00E+00   0.00E+00
176   2469   2500   1.97E+13   0.00E+00   0.00E+00   0.00E+00   0.00E+00   0.00E+00   0.00E+00   0.00E+00   0.00E+00   0.00E+00   0.00E+00   0.00E+00   0.00E+00   0.00E+00   0.00E+00   0.00E+00   0.00E+00
177   2500   2532   1.94E+13   0.00E+00   0.00E+00   0.00E+00   0.00E+00   0.00E+00   0.00E+00   0.00E+00   0.00E+00   0.00E+00   0.00E+00   0.00E+00   0.00E+00   0.00E+00   0.00E+00   0.00E+00   0.00E+00